# frame +z -z 
0 0 0 
1 0 0 
2 0 0 
3 0 0 
4 0 0 
5 0 0 
6 0 0 
7 0 0 
8 0 0 
9 0 0 
10 0 0 
11 0 0 
12 0 0 
13 0 0 
14 0 0 
15 0 0 
16 0 0 
17 0 0 
18 0 0 
19 0 0 
20 0 0 
21 1 0 
22 1 0 
23 1 0 
24 1 0 
25 1 0 
26 1 0 
27 1 0 
28 1 0 
29 2 0 
30 2 0 
31 2 0 
32 2 0 
33 3 0 
34 4 0 
35 4 0 
36 4 0 
37 4 0 
38 4 0 
39 5 0 
40 5 0 
41 6 0 
42 6 0 
43 6 0 
44 7 0 
45 7 0 
46 7 0 
47 7 0 
48 7 0 
49 7 0 
50 7 0 
51 7 0 
52 8 0 
53 8 0 
54 8 0 
55 8 0 
56 8 0 
57 9 0 
58 9 0 
59 9 0 
60 9 0 
61 9 0 
62 9 0 
63 9 0 
64 9 0 
65 9 0 
66 10 0 
67 11 0 
68 11 0 
69 11 0 
70 11 0 
71 11 0 
72 11 0 
73 11 0 
74 11 0 
75 11 0 
76 11 0 
77 11 0 
78 11 0 
79 11 0 
80 11 0 
81 11 0 
82 11 0 
83 11 0 
84 11 0 
85 11 0 
86 12 0 
87 12 0 
88 12 0 
89 13 0 
90 14 0 
91 14 0 
92 14 0 
93 14 0 
94 14 0 
95 14 0 
96 14 0 
97 14 0 
98 14 0 
99 14 0 
100 14 0 
101 14 0 
102 14 0 
103 15 0 
104 15 0 
105 15 0 
106 16 0 
107 16 0 
108 16 0 
109 16 0 
110 16 0 
111 16 0 
112 16 0 
113 16 0 
114 17 0 
115 17 0 
116 17 0 
117 17 0 
118 17 0 
119 17 0 
120 17 0 
121 17 0 
122 18 0 
123 19 0 
124 19 0 
125 19 0 
126 19 0 
127 19 0 
128 19 0 
129 19 0 
130 19 0 
131 20 0 
132 20 0 
133 20 0 
134 20 0 
135 20 0 
136 20 0 
137 21 0 
138 22 0 
139 22 0 
140 22 0 
141 22 0 
142 22 0 
143 22 0 
144 23 0 
145 23 0 
146 23 0 
147 23 0 
148 24 0 
149 24 0 
150 24 0 
151 24 0 
152 24 0 
153 24 0 
154 25 0 
155 25 0 
156 26 0 
157 26 0 
158 26 0 
159 26 0 
160 26 0 
161 26 0 
162 26 0 
163 26 0 
164 27 0 
165 27 0 
166 27 0 
167 27 0 
168 27 0 
169 27 0 
170 27 0 
171 28 0 
172 28 0 
173 29 0 
174 29 0 
175 30 0 
176 30 0 
177 31 0 
178 31 0 
179 31 0 
180 31 0 
181 32 0 
182 32 0 
183 32 0 
184 32 0 
185 32 0 
186 32 0 
187 32 0 
188 32 0 
189 32 0 
190 32 0 
191 32 0 
192 33 0 
193 33 0 
194 33 0 
195 33 0 
196 33 0 
197 33 0 
198 33 0 
199 33 0 
200 33 0 
201 33 0 
202 33 0 
203 33 0 
204 33 0 
205 33 0 
206 33 0 
207 33 0 
208 33 0 
209 33 0 
210 33 0 
211 35 0 
212 35 0 
213 35 0 
214 35 0 
215 36 0 
216 36 0 
217 36 0 
218 36 0 
219 37 0 
220 37 0 
221 37 0 
222 37 0 
223 37 0 
224 37 0 
225 37 0 
226 37 0 
227 37 0 
228 39 0 
229 39 0 
230 39 0 
231 39 0 
232 39 0 
233 39 0 
234 39 0 
235 39 0 
236 39 0 
237 39 0 
238 39 0 
239 39 0 
240 39 0 
241 39 0 
242 39 0 
243 39 0 
244 39 0 
245 39 0 
246 40 0 
247 40 0 
248 40 0 
249 41 0 
250 41 0 
251 41 0 
252 41 0 
253 42 0 
254 42 0 
255 42 0 
256 42 0 
257 42 0 
258 43 0 
259 43 0 
260 43 0 
261 43 0 
262 43 0 
263 43 0 
264 43 0 
265 43 0 
266 44 0 
267 44 0 
268 45 0 
269 45 0 
270 45 0 
271 46 0 
272 46 0 
273 46 0 
274 46 0 
275 46 0 
276 46 0 
277 47 0 
278 47 0 
279 47 0 
280 47 0 
281 47 0 
282 47 0 
283 47 0 
284 47 0 
285 48 0 
286 48 0 
287 48 0 
288 48 0 
289 48 0 
290 49 0 
291 50 0 
292 50 0 
293 50 0 
294 50 0 
295 50 0 
296 50 0 
297 51 0 
298 51 0 
299 51 0 
300 51 0 
301 51 0 
302 51 0 
303 53 0 
304 53 0 
305 53 0 
306 53 0 
307 53 0 
308 53 0 
309 53 0 
310 53 0 
311 53 0 
312 54 0 
313 54 0 
314 54 0 
315 54 0 
316 54 0 
317 54 0 
318 54 0 
319 54 0 
320 54 0 
321 55 0 
322 55 0 
323 55 0 
324 55 0 
325 55 0 
326 56 0 
327 56 0 
328 56 0 
329 56 0 
330 56 0 
331 56 0 
332 56 0 
333 56 0 
334 56 0 
335 56 0 
336 56 0 
337 56 0 
338 56 0 
339 56 0 
340 56 0 
341 56 0 
342 56 0 
343 56 0 
344 56 0 
345 56 0 
346 57 0 
347 57 0 
348 57 0 
349 57 0 
350 58 0 
351 58 0 
352 58 0 
353 58 0 
354 58 0 
355 59 0 
356 59 0 
357 59 0 
358 59 0 
359 61 0 
360 61 0 
361 61 0 
362 61 0 
363 61 0 
364 61 0 
365 61 0 
366 61 0 
367 61 0 
368 61 0 
369 61 0 
370 61 0 
371 61 0 
372 61 0 
373 61 0 
374 61 0 
375 61 0 
376 61 0 
377 61 0 
378 62 0 
379 62 0 
380 62 0 
381 62 0 
382 62 0 
383 63 0 
384 63 0 
385 63 0 
386 63 0 
387 63 0 
388 63 0 
389 63 0 
390 64 0 
391 64 0 
392 64 0 
393 64 0 
394 65 0 
395 65 0 
396 66 0 
397 66 0 
398 66 0 
399 66 0 
400 66 0 
401 66 0 
402 68 0 
403 68 0 
404 68 0 
405 69 0 
406 69 0 
407 69 0 
408 69 0 
409 69 0 
410 69 0 
411 70 0 
412 70 0 
413 70 0 
414 70 0 
415 70 0 
416 70 0 
417 71 0 
418 71 0 
419 72 0 
420 72 0 
421 72 0 
422 72 0 
423 73 0 
424 73 0 
425 73 0 
426 73 0 
427 73 0 
428 74 0 
429 74 0 
430 74 0 
431 74 0 
432 74 0 
433 75 0 
434 75 0 
435 76 0 
436 76 0 
437 76 0 
438 76 0 
439 76 0 
440 77 0 
441 77 0 
442 77 0 
443 77 0 
444 77 0 
445 77 0 
446 77 0 
447 77 0 
448 77 0 
449 77 0 
450 77 0 
451 77 0 
452 77 0 
453 77 0 
454 77 0 
455 77 0 
456 77 0 
457 77 0 
458 77 0 
459 77 0 
460 77 0 
461 77 0 
462 77 0 
463 77 0 
464 77 0 
465 77 0 
466 77 0 
467 77 0 
468 77 0 
469 77 0 
470 77 0 
471 78 0 
472 78 0 
473 78 0 
474 78 0 
475 78 0 
476 78 0 
477 78 0 
478 79 0 
479 79 0 
480 80 0 
481 81 0 
482 81 0 
483 82 0 
484 82 0 
485 82 0 
486 82 0 
487 82 0 
488 82 0 
489 82 0 
490 83 0 
491 83 0 
492 83 0 
493 84 0 
494 84 0 
495 84 0 
496 84 0 
497 84 0 
498 84 0 
499 84 0 
500 84 0 
501 84 0 
502 84 0 
503 84 0 
504 85 0 
505 85 0 
506 85 0 
507 85 0 
508 85 0 
509 85 0 
510 85 0 
511 85 0 
512 85 0 
513 85 0 
514 85 0 
515 85 0 
516 85 0 
517 85 0 
518 85 0 
519 85 0 
520 85 0 
521 85 0 
522 85 0 
523 87 0 
524 87 0 
525 87 0 
526 87 0 
527 87 0 
528 87 0 
529 87 0 
530 87 0 
531 87 0 
532 87 0 
533 87 0 
534 88 0 
535 88 0 
536 88 0 
537 88 0 
538 88 0 
539 88 0 
540 89 0 
541 89 0 
542 89 0 
543 89 0 
544 89 0 
545 89 0 
546 89 0 
547 89 0 
548 89 0 
549 89 0 
550 89 0 
551 89 0 
552 89 0 
553 89 0 
554 89 0 
555 90 0 
556 90 0 
557 91 0 
558 91 0 
559 91 0 
560 91 0 
561 91 0 
562 92 0 
563 92 0 
564 92 0 
565 92 0 
566 92 0 
567 92 0 
568 92 0 
569 92 0 
570 92 0 
571 92 0 
572 93 0 
573 94 0 
574 95 0 
575 96 0 
576 96 0 
577 96 0 
578 96 0 
579 96 0 
580 97 0 
581 98 0 
582 98 0 
583 98 0 
584 98 0 
585 98 0 
586 98 0 
587 98 0 
588 98 0 
589 99 0 
590 99 0 
591 99 0 
592 100 0 
593 100 0 
594 100 0 
595 100 0 
596 101 0 
597 101 0 
598 101 0 
599 101 0 
600 101 0 
601 101 0 
602 101 0 
603 101 0 
604 101 0 
605 101 0 
606 101 0 
607 101 0 
608 101 0 
609 101 0 
610 102 0 
611 102 0 
612 102 0 
613 102 0 
614 102 0 
615 102 0 
616 102 0 
617 102 0 
618 102 0 
619 102 0 
620 102 0 
621 102 0 
622 102 0 
623 102 0 
624 102 0 
625 102 0 
626 102 0 
627 103 0 
628 103 0 
629 103 0 
630 104 0 
631 104 0 
632 104 0 
633 104 0 
634 104 0 
635 105 0 
636 105 0 
637 105 0 
638 105 0 
639 105 0 
640 106 0 
641 106 0 
642 107 0 
643 107 0 
644 108 0 
645 108 0 
646 108 0 
647 108 0 
648 109 0 
649 109 0 
650 110 0 
651 110 0 
652 110 0 
653 110 0 
654 111 0 
655 112 0 
656 113 0 
657 113 0 
658 113 0 
659 113 0 
660 113 0 
661 114 0 
662 114 0 
663 115 0 
664 115 0 
665 115 0 
666 116 0 
667 116 0 
668 117 0 
669 118 0 
670 119 0 
671 119 0 
672 119 0 
673 119 0 
674 119 0 
675 120 0 
676 120 0 
677 121 0 
678 121 0 
679 121 0 
680 121 0 
681 121 0 
682 122 0 
683 122 0 
684 122 0 
685 122 0 
686 122 0 
687 122 0 
688 122 0 
689 122 0 
690 122 0 
691 122 0 
692 122 0 
693 122 0 
694 122 0 
695 123 0 
696 123 0 
697 123 0 
698 123 0 
699 123 0 
700 123 0 
701 123 0 
702 123 0 
703 123 0 
704 123 0 
705 123 0 
706 123 0 
707 123 0 
708 124 0 
709 124 0 
710 124 0 
711 124 0 
712 125 0 
713 125 0 
714 125 0 
715 125 0 
716 126 0 
717 126 0 
718 126 0 
719 126 0 
720 126 0 
721 127 0 
722 127 0 
723 127 0 
724 127 0 
725 127 0 
726 127 0 
727 128 0 
728 128 0 
729 128 0 
730 128 0 
731 128 0 
732 128 0 
733 128 0 
734 129 0 
735 130 0 
736 130 0 
737 130 0 
738 130 0 
739 130 0 
740 130 0 
741 130 0 
742 130 0 
743 130 0 
744 130 0 
745 131 0 
746 131 0 
747 131 0 
748 132 0 
749 132 0 
750 132 0 
751 132 0 
752 132 0 
753 132 0 
754 132 0 
755 132 0 
756 132 0 
757 132 0 
758 132 0 
759 132 0 
760 132 0 
761 133 0 
762 133 0 
763 133 0 
764 133 0 
765 133 0 
766 133 0 
767 133 0 
768 133 0 
769 133 0 
770 133 0 
771 134 0 
772 134 0 
773 134 0 
774 134 0 
775 134 0 
776 134 0 
777 134 0 
778 135 0 
779 135 0 
780 135 0 
781 135 0 
782 135 0 
783 136 0 
784 136 0 
785 136 0 
786 136 0 
787 136 0 
788 136 0 
789 137 0 
790 137 0 
791 137 0 
792 137 0 
793 137 0 
794 138 0 
795 138 0 
796 138 0 
797 138 0 
798 138 0 
799 138 0 
800 138 0 
801 138 0 
802 138 0 
803 138 0 
804 138 0 
805 138 0 
806 138 0 
807 138 0 
808 138 0 
809 138 0 
810 138 0 
811 139 0 
812 139 0 
813 139 0 
814 139 0 
815 139 0 
816 139 0 
817 139 0 
818 139 0 
819 140 0 
820 140 0 
821 140 0 
822 140 0 
823 140 0 
824 140 0 
825 140 0 
826 140 0 
827 140 0 
828 140 0 
829 140 0 
830 140 0 
831 140 0 
832 141 0 
833 141 0 
834 141 0 
835 141 0 
836 141 0 
837 141 0 
838 141 0 
839 141 0 
840 141 0 
841 141 0 
842 141 0 
843 141 0 
844 141 0 
845 141 0 
846 141 0 
847 141 0 
848 141 0 
849 142 0 
850 142 0 
851 142 0 
852 142 0 
853 142 0 
854 142 0 
855 142 0 
856 142 0 
857 142 0 
858 142 0 
859 142 0 
860 142 0 
861 142 0 
862 142 0 
863 142 0 
864 142 0 
865 142 0 
866 142 0 
867 142 0 
868 142 0 
869 143 0 
870 143 0 
871 143 0 
872 143 0 
873 143 0 
874 143 0 
875 143 0 
876 143 0 
877 143 0 
878 143 0 
879 143 0 
880 143 0 
881 143 0 
882 144 0 
883 144 0 
884 144 0 
885 144 0 
886 144 0 
887 144 0 
888 145 0 
889 145 0 
890 145 0 
891 145 0 
892 145 0 
893 145 0 
894 146 0 
895 146 0 
896 146 0 
897 146 0 
898 147 0 
899 147 0 
900 147 0 
901 147 0 
902 147 0 
903 147 0 
904 147 0 
905 147 0 
906 147 0 
907 147 0 
908 147 0 
909 148 0 
910 148 0 
911 148 0 
912 148 0 
913 148 0 
914 148 0 
915 148 0 
916 148 0 
917 148 0 
918 148 0 
919 148 0 
920 149 0 
921 149 0 
922 149 0 
923 149 0 
924 149 0 
925 149 0 
926 149 0 
927 149 0 
928 149 0 
929 149 0 
930 149 0 
931 149 0 
932 149 0 
933 149 0 
934 149 0 
935 149 0 
936 149 0 
937 149 0 
938 149 0 
939 149 0 
940 150 0 
941 150 0 
942 150 0 
943 150 0 
944 150 0 
945 150 0 
946 150 0 
947 150 0 
948 150 0 
949 150 0 
950 150 0 
951 150 0 
952 151 0 
953 151 0 
954 152 0 
955 152 0 
956 152 0 
957 152 0 
958 152 0 
959 152 0 
960 153 0 
961 153 0 
962 153 0 
963 153 0 
964 153 0 
965 153 0 
966 153 0 
967 153 0 
968 153 0 
969 153 0 
970 153 0 
971 153 0 
972 154 0 
973 154 0 
974 154 0 
975 154 0 
976 155 0 
977 155 0 
978 155 0 
979 156 0 
980 156 0 
981 156 0 
982 156 0 
983 156 0 
984 156 0 
985 156 0 
986 156 0 
987 156 0 
988 156 0 
989 156 0 
990 156 0 
991 156 0 
992 156 0 
993 156 0 
994 157 0 
995 157 0 
996 157 0 
997 157 0 
998 157 0 
999 157 0 
1000 157 0 
