# frame +z -z 
0 0 0 
1 0 0 
2 0 0 
3 0 0 
4 0 0 
5 0 0 
6 0 0 
7 0 0 
8 0 0 
9 0 0 
10 0 0 
11 0 0 
12 1 0 
13 1 0 
14 1 0 
15 1 0 
16 3 0 
17 3 0 
18 3 0 
19 3 0 
20 3 0 
21 3 0 
22 3 0 
23 3 0 
24 3 0 
25 3 0 
26 4 0 
27 4 0 
28 4 0 
29 4 0 
30 4 0 
31 4 0 
32 4 0 
33 4 0 
34 4 0 
35 4 0 
36 4 0 
37 4 0 
38 4 0 
39 4 0 
40 4 0 
41 4 0 
42 4 0 
43 4 0 
44 4 0 
45 4 0 
46 4 0 
47 4 0 
48 4 0 
49 4 0 
50 4 0 
51 4 0 
52 4 0 
53 4 0 
54 5 0 
55 5 0 
56 5 0 
57 5 0 
58 5 0 
59 5 0 
60 5 0 
61 6 0 
62 6 0 
63 6 0 
64 6 0 
65 6 0 
66 7 0 
67 7 0 
68 7 0 
69 8 0 
70 8 0 
71 8 0 
72 9 0 
73 9 0 
74 9 0 
75 9 0 
76 9 0 
77 9 0 
78 9 0 
79 9 0 
80 9 0 
81 10 0 
82 10 0 
83 10 0 
84 10 0 
85 10 0 
86 10 0 
87 10 0 
88 10 0 
89 11 0 
90 11 0 
91 11 0 
92 11 0 
93 11 0 
94 11 0 
95 11 0 
96 11 0 
97 11 0 
98 11 0 
99 11 0 
100 11 0 
101 11 0 
102 11 0 
103 11 0 
104 11 0 
105 11 0 
106 11 0 
107 12 0 
108 12 0 
109 12 0 
110 13 0 
111 13 0 
112 13 0 
113 13 0 
114 14 0 
115 14 0 
116 14 0 
117 14 0 
118 15 0 
119 15 0 
120 15 0 
121 15 0 
122 15 0 
123 15 0 
124 15 0 
125 15 0 
126 16 0 
127 16 0 
128 17 0 
129 17 0 
130 17 0 
131 17 0 
132 18 0 
133 18 0 
134 18 0 
135 18 0 
136 18 0 
137 18 0 
138 19 0 
139 19 0 
140 19 0 
141 19 0 
142 19 0 
143 20 0 
144 21 0 
145 21 0 
146 21 0 
147 21 0 
148 22 0 
149 23 0 
150 23 0 
151 23 0 
152 23 0 
153 23 0 
154 23 0 
155 23 0 
156 23 0 
157 23 0 
158 23 0 
159 23 0 
160 23 0 
161 23 0 
162 23 0 
163 23 0 
164 23 0 
165 23 0 
166 23 0 
167 23 0 
168 24 0 
169 24 0 
170 24 0 
171 25 0 
172 25 0 
173 25 0 
174 26 0 
175 26 0 
176 27 0 
177 27 0 
178 27 0 
179 27 0 
180 27 0 
181 27 0 
182 27 0 
183 28 0 
184 29 0 
185 29 0 
186 29 0 
187 29 0 
188 29 0 
189 30 0 
190 30 0 
191 30 0 
192 30 0 
193 30 0 
194 30 0 
195 30 0 
196 30 0 
197 30 0 
198 30 0 
199 31 0 
200 31 0 
201 31 0 
202 31 0 
203 32 0 
204 32 0 
205 32 0 
206 32 0 
207 33 0 
208 33 0 
209 34 0 
210 34 0 
211 34 0 
212 35 0 
213 35 0 
214 35 0 
215 35 0 
216 35 0 
217 35 0 
218 35 0 
219 35 0 
220 35 0 
221 35 0 
222 35 0 
223 35 0 
224 35 0 
225 35 0 
226 35 0 
227 36 0 
228 36 0 
229 36 0 
230 36 0 
231 36 0 
232 36 0 
233 36 0 
234 36 0 
235 37 0 
236 37 0 
237 37 0 
238 37 0 
239 37 0 
240 38 0 
241 38 0 
242 38 0 
243 38 0 
244 38 0 
245 39 0 
246 39 0 
247 39 0 
248 39 0 
249 39 0 
250 39 0 
251 39 0 
252 40 0 
253 40 0 
254 40 0 
255 40 0 
256 40 0 
257 41 0 
258 41 0 
259 41 0 
260 41 0 
261 41 0 
262 41 0 
263 42 0 
264 42 0 
265 42 0 
266 42 0 
267 42 0 
268 42 0 
269 42 0 
270 42 0 
271 43 0 
272 43 0 
273 43 0 
274 44 0 
275 45 0 
276 45 0 
277 45 0 
278 45 0 
279 45 0 
280 45 0 
281 46 0 
282 46 0 
283 46 0 
284 46 0 
285 46 0 
286 46 0 
287 46 0 
288 46 0 
289 47 0 
290 47 0 
291 47 0 
292 47 0 
293 47 0 
294 48 0 
295 48 0 
296 48 0 
297 49 0 
298 49 0 
299 49 0 
300 49 0 
301 49 0 
302 49 0 
303 49 0 
304 49 0 
305 49 0 
306 49 0 
307 50 0 
308 50 0 
309 50 0 
310 50 0 
311 50 0 
312 50 0 
313 50 0 
314 50 0 
315 50 0 
316 50 0 
317 50 0 
318 50 0 
319 50 0 
320 50 0 
321 52 0 
322 52 0 
323 52 0 
324 52 0 
325 52 0 
326 52 0 
327 53 0 
328 53 0 
329 53 0 
330 53 0 
331 53 0 
332 53 0 
333 54 0 
334 54 0 
335 54 0 
336 55 0 
337 55 0 
338 55 0 
339 55 0 
340 55 0 
341 55 0 
342 55 0 
343 55 0 
344 56 0 
345 56 0 
346 56 0 
347 56 0 
348 56 0 
349 56 0 
350 56 0 
351 56 0 
352 56 0 
353 56 0 
354 56 0 
355 58 0 
356 58 0 
357 58 0 
358 58 0 
359 58 0 
360 58 0 
361 58 0 
362 60 0 
363 60 0 
364 60 0 
365 61 0 
366 61 0 
367 61 0 
368 61 0 
369 61 0 
370 61 0 
371 61 0 
372 61 0 
373 61 0 
374 61 0 
375 61 0 
376 61 0 
377 62 0 
378 62 0 
379 62 0 
380 63 0 
381 63 0 
382 63 0 
383 63 0 
384 63 0 
385 63 0 
386 63 0 
387 64 0 
388 64 0 
389 64 0 
390 64 0 
391 64 0 
392 64 0 
393 64 0 
394 64 0 
395 64 0 
396 65 0 
397 65 0 
398 65 0 
399 65 0 
400 66 0 
401 67 0 
402 67 0 
403 67 0 
404 67 0 
405 67 0 
406 67 0 
407 67 0 
408 68 0 
409 68 0 
410 68 0 
411 68 0 
412 69 0 
413 69 0 
414 69 0 
415 69 0 
416 69 0 
417 70 0 
418 70 0 
419 70 0 
420 70 0 
421 70 0 
422 70 0 
423 70 0 
424 70 0 
425 70 0 
426 70 0 
427 70 0 
428 70 0 
429 70 0 
430 70 0 
431 70 0 
432 71 0 
433 71 0 
434 71 0 
435 71 0 
436 72 0 
437 72 0 
438 72 0 
439 72 0 
440 72 0 
441 72 0 
442 72 0 
443 73 0 
444 73 0 
445 73 0 
446 73 0 
447 73 0 
448 73 0 
449 73 0 
450 74 0 
451 74 0 
452 75 0 
453 75 0 
454 75 0 
455 75 0 
456 76 0 
457 76 0 
458 76 0 
459 78 0 
460 78 0 
461 79 0 
462 79 0 
463 80 0 
464 80 0 
465 80 0 
466 80 0 
467 80 0 
468 80 0 
469 81 0 
470 81 0 
471 82 0 
472 82 0 
473 82 0 
474 82 0 
475 82 0 
476 82 0 
477 82 0 
478 83 0 
479 83 0 
480 83 0 
481 83 0 
482 83 0 
483 83 0 
484 83 0 
485 83 0 
486 83 0 
487 84 0 
488 84 0 
489 84 0 
490 84 0 
491 84 0 
492 84 0 
493 84 0 
494 84 0 
495 85 0 
496 85 0 
497 85 0 
498 85 0 
499 86 0 
500 86 0 
501 86 0 
502 86 0 
503 86 0 
504 86 0 
505 86 0 
506 86 0 
507 86 0 
508 86 0 
509 86 0 
510 86 0 
511 86 0 
512 86 0 
513 86 0 
514 86 0 
515 86 0 
516 87 0 
517 87 0 
518 87 0 
519 87 0 
520 87 0 
521 87 0 
522 87 0 
523 87 0 
524 87 0 
525 87 0 
526 87 0 
527 87 0 
528 88 0 
529 88 0 
530 88 0 
531 88 0 
532 88 0 
533 88 0 
534 88 0 
535 88 0 
536 88 0 
537 88 0 
538 88 0 
539 88 0 
540 88 0 
541 88 0 
542 89 0 
543 89 0 
544 90 0 
545 90 0 
546 91 0 
547 91 0 
548 91 0 
549 91 0 
550 91 0 
551 91 0 
552 91 0 
553 91 0 
554 91 0 
555 92 0 
556 93 0 
557 93 0 
558 93 0 
559 93 0 
560 93 0 
561 93 0 
562 93 0 
563 93 0 
564 93 0 
565 93 0 
566 93 0 
567 93 0 
568 93 0 
569 94 0 
570 94 0 
571 94 0 
572 94 0 
573 94 0 
574 94 0 
575 94 0 
576 94 0 
577 94 0 
578 95 0 
579 95 0 
580 95 0 
581 95 0 
582 95 0 
583 95 0 
584 95 0 
585 95 0 
586 96 0 
587 96 0 
588 96 0 
589 97 0 
590 97 0 
591 97 0 
592 97 0 
593 97 0 
594 97 0 
595 98 0 
596 98 0 
597 98 0 
598 98 0 
599 98 0 
600 98 0 
601 98 0 
602 98 0 
603 98 0 
604 98 0 
605 98 0 
606 98 0 
607 98 0 
608 98 0 
609 98 0 
610 99 0 
611 99 0 
612 99 0 
613 99 0 
614 99 0 
615 99 0 
616 99 0 
617 99 0 
618 99 0 
619 99 0 
620 99 0 
621 99 0 
622 99 0 
623 99 0 
624 99 0 
625 99 0 
626 99 0 
627 99 0 
628 99 0 
629 99 0 
630 100 0 
631 100 0 
632 100 0 
633 100 0 
634 100 0 
635 100 0 
636 100 0 
637 100 0 
638 100 0 
639 100 0 
640 101 0 
641 101 0 
642 101 0 
643 102 0 
644 102 0 
645 102 0 
646 102 0 
647 102 0 
648 102 0 
649 102 0 
650 103 0 
651 103 0 
652 103 0 
653 103 0 
654 103 0 
655 103 0 
656 103 0 
657 103 0 
658 103 0 
659 103 0 
660 103 0 
661 103 0 
662 103 0 
663 103 0 
664 103 0 
665 103 0 
666 103 0 
667 103 0 
668 103 0 
669 103 0 
670 103 0 
671 103 0 
672 103 0 
673 103 0 
674 104 0 
675 104 0 
676 104 0 
677 104 0 
678 104 0 
679 104 0 
680 104 0 
681 104 0 
682 105 0 
683 105 0 
684 106 0 
685 106 0 
686 106 0 
687 106 0 
688 107 0 
689 107 0 
690 107 0 
691 107 0 
692 108 0 
693 108 0 
694 108 0 
695 108 0 
696 108 0 
697 108 0 
698 108 0 
699 108 0 
700 109 0 
701 110 0 
702 110 0 
703 110 0 
704 110 0 
705 110 0 
706 110 0 
707 110 0 
708 110 0 
709 110 0 
710 110 0 
711 110 0 
712 110 0 
713 111 0 
714 111 0 
715 111 0 
716 111 0 
717 111 0 
718 111 0 
719 112 0 
720 112 0 
721 113 0 
722 113 0 
723 114 0 
724 114 0 
725 114 0 
726 114 0 
727 115 0 
728 115 0 
729 115 0 
730 115 0 
731 115 0 
732 116 0 
733 116 0 
734 116 0 
735 116 0 
736 116 0 
737 116 0 
738 116 0 
739 117 0 
740 117 0 
741 117 0 
742 117 0 
743 117 0 
744 117 0 
745 118 0 
746 118 0 
747 118 0 
748 119 0 
749 119 0 
750 119 0 
751 120 0 
752 121 0 
753 121 0 
754 121 0 
755 121 0 
756 122 0 
757 123 0 
758 124 0 
759 124 0 
760 125 0 
761 125 0 
762 125 0 
763 125 0 
764 125 0 
765 126 0 
766 126 0 
767 126 0 
768 127 0 
769 127 0 
770 127 0 
771 127 0 
772 128 0 
773 128 0 
774 128 0 
775 128 0 
776 128 0 
777 129 0 
778 129 0 
779 129 0 
780 129 0 
781 130 0 
782 130 0 
783 130 0 
784 130 0 
785 130 0 
786 130 0 
787 130 0 
788 130 0 
789 130 0 
790 130 0 
791 130 0 
792 130 0 
793 131 0 
794 131 0 
795 131 0 
796 131 0 
797 131 0 
798 131 0 
799 131 0 
800 131 0 
801 131 0 
802 131 0 
803 131 0 
804 131 0 
805 131 0 
806 132 0 
807 132 0 
808 132 0 
809 132 0 
810 132 0 
811 133 0 
812 133 0 
813 133 0 
814 134 0 
815 134 0 
816 135 0 
817 136 0 
818 136 0 
819 136 0 
820 136 0 
821 136 0 
822 136 0 
823 136 0 
824 136 0 
825 136 0 
826 136 0 
827 136 0 
828 137 0 
829 137 0 
830 137 0 
831 137 0 
832 137 0 
833 137 0 
834 138 0 
835 138 0 
836 138 0 
837 139 0 
838 139 0 
839 139 0 
840 140 0 
841 140 0 
842 140 0 
843 140 0 
844 140 0 
845 141 0 
846 141 0 
847 141 0 
848 141 0 
849 141 0 
850 141 0 
851 142 0 
852 143 0 
853 144 0 
854 144 0 
855 144 0 
856 144 0 
857 144 0 
858 145 0 
859 146 0 
860 146 0 
861 146 0 
862 146 0 
863 147 0 
864 148 0 
865 148 0 
866 148 0 
867 148 0 
868 148 0 
869 148 0 
870 148 0 
871 148 0 
872 148 0 
873 149 0 
874 150 0 
875 150 0 
876 150 0 
877 150 0 
878 150 0 
879 150 0 
880 150 0 
881 150 0 
882 151 0 
883 152 0 
884 152 0 
885 152 0 
886 152 0 
887 153 0 
888 154 0 
889 154 0 
890 154 0 
891 155 0 
892 155 0 
893 155 0 
894 155 0 
895 155 0 
896 155 0 
897 155 0 
898 155 0 
899 155 0 
900 155 0 
901 155 0 
902 155 0 
903 155 0 
904 155 0 
905 155 0 
906 155 0 
907 155 0 
908 155 0 
909 156 0 
910 156 0 
911 156 0 
912 156 0 
913 156 0 
914 156 0 
915 156 0 
916 156 0 
917 156 0 
918 156 0 
919 156 0 
920 156 0 
921 158 0 
922 158 0 
923 158 0 
924 158 0 
925 158 0 
926 158 0 
927 158 0 
928 159 0 
929 159 0 
930 159 0 
931 159 0 
932 160 0 
933 161 0 
934 161 0 
935 161 0 
936 161 0 
937 161 0 
938 161 0 
939 161 0 
940 161 0 
941 161 0 
942 162 0 
943 162 0 
944 162 0 
945 162 0 
946 162 0 
947 162 0 
948 162 0 
949 162 0 
950 162 0 
951 162 0 
952 162 0 
953 162 0 
954 162 0 
955 162 0 
956 162 0 
957 162 0 
958 163 0 
959 163 0 
960 164 0 
961 164 0 
962 164 0 
963 164 0 
964 164 0 
965 165 0 
966 165 0 
967 165 0 
968 165 0 
969 165 0 
970 165 0 
971 165 0 
972 165 0 
973 165 0 
974 165 0 
975 165 0 
976 165 0 
977 165 0 
978 165 0 
979 165 0 
980 165 0 
981 165 0 
982 166 0 
983 166 0 
984 166 0 
985 166 0 
986 167 0 
987 167 0 
988 167 0 
989 168 0 
990 168 0 
991 168 0 
992 168 0 
993 168 0 
994 168 0 
995 168 0 
996 168 0 
997 168 0 
998 168 0 
999 168 0 
1000 168 0 
