# frame +z -z 
0 0 0 
1 0 0 
2 0 0 
3 0 0 
4 0 0 
5 0 0 
6 0 0 
7 0 0 
8 0 0 
9 0 0 
10 0 0 
11 0 0 
12 0 0 
13 0 0 
14 1 0 
15 1 0 
16 2 0 
17 2 0 
18 2 0 
19 2 0 
20 2 0 
21 2 0 
22 2 0 
23 2 0 
24 2 0 
25 2 0 
26 2 0 
27 2 0 
28 2 0 
29 2 0 
30 2 0 
31 3 0 
32 3 0 
33 4 0 
34 4 0 
35 4 0 
36 4 0 
37 4 0 
38 5 0 
39 5 0 
40 5 0 
41 5 0 
42 5 0 
43 5 0 
44 5 0 
45 5 0 
46 5 0 
47 5 0 
48 5 0 
49 5 0 
50 5 0 
51 5 0 
52 5 0 
53 5 0 
54 5 0 
55 5 0 
56 5 0 
57 6 0 
58 6 0 
59 6 0 
60 6 0 
61 6 0 
62 6 0 
63 6 0 
64 6 0 
65 6 0 
66 6 0 
67 6 0 
68 6 0 
69 6 0 
70 6 0 
71 6 0 
72 6 0 
73 6 0 
74 6 0 
75 6 0 
76 6 0 
77 6 0 
78 6 0 
79 6 0 
80 6 0 
81 6 0 
82 6 0 
83 6 0 
84 6 0 
85 7 0 
86 7 0 
87 7 0 
88 8 0 
89 8 0 
90 10 0 
91 10 0 
92 10 0 
93 10 0 
94 11 0 
95 11 0 
96 11 0 
97 12 0 
98 12 0 
99 12 0 
100 12 0 
101 12 0 
102 12 0 
103 12 0 
104 13 0 
105 13 0 
106 13 0 
107 13 0 
108 14 0 
109 15 0 
110 15 0 
111 15 0 
112 15 0 
113 15 0 
114 15 0 
115 15 0 
116 15 0 
117 15 0 
118 15 0 
119 15 0 
120 15 0 
121 15 0 
122 16 0 
123 16 0 
124 16 0 
125 16 0 
126 16 0 
127 16 0 
128 17 0 
129 17 0 
130 17 0 
131 17 0 
132 17 0 
133 17 0 
134 18 0 
135 18 0 
136 19 0 
137 19 0 
138 20 0 
139 20 0 
140 20 0 
141 20 0 
142 20 0 
143 20 0 
144 20 0 
145 20 0 
146 20 0 
147 21 0 
148 21 0 
149 21 0 
150 21 0 
151 21 0 
152 21 0 
153 21 0 
154 22 0 
155 22 0 
156 22 0 
157 22 0 
158 22 0 
159 22 0 
160 22 0 
161 22 0 
162 22 0 
163 22 0 
164 22 0 
165 23 0 
166 23 0 
167 23 0 
168 23 0 
169 23 0 
170 24 0 
171 24 0 
172 24 0 
173 24 0 
174 24 0 
175 24 0 
176 24 0 
177 24 0 
178 24 0 
179 25 0 
180 25 0 
181 25 0 
182 25 0 
183 25 0 
184 25 0 
185 25 0 
186 25 0 
187 25 0 
188 25 0 
189 25 0 
190 25 0 
191 26 0 
192 26 0 
193 26 0 
194 27 0 
195 27 0 
196 27 0 
197 27 0 
198 27 0 
199 27 0 
200 27 0 
201 27 0 
202 28 0 
203 28 0 
204 29 0 
205 29 0 
206 29 0 
207 29 0 
208 29 0 
209 29 0 
210 29 0 
211 29 0 
212 30 0 
213 30 0 
214 31 0 
215 31 0 
216 31 0 
217 31 0 
218 31 0 
219 32 0 
220 32 0 
221 32 0 
222 32 0 
223 32 0 
224 32 0 
225 33 0 
226 33 0 
227 33 0 
228 33 0 
229 33 0 
230 33 0 
231 33 0 
232 33 0 
233 34 0 
234 34 0 
235 34 0 
236 34 0 
237 34 0 
238 34 0 
239 34 0 
240 35 0 
241 35 0 
242 36 0 
243 37 0 
244 37 0 
245 37 0 
246 37 0 
247 37 0 
248 37 0 
249 37 0 
250 37 0 
251 37 0 
252 37 0 
253 37 0 
254 38 0 
255 38 0 
256 39 0 
257 39 0 
258 39 0 
259 39 0 
260 40 0 
261 40 0 
262 41 0 
263 41 0 
264 41 0 
265 41 0 
266 41 0 
267 41 0 
268 42 0 
269 42 0 
270 42 0 
271 42 0 
272 42 0 
273 43 0 
274 43 0 
275 43 0 
276 44 0 
277 44 0 
278 44 0 
279 44 0 
280 44 0 
281 44 0 
282 44 0 
283 44 0 
284 44 0 
285 44 0 
286 45 0 
287 45 0 
288 45 0 
289 45 0 
290 46 0 
291 46 0 
292 46 0 
293 46 0 
294 46 0 
295 46 0 
296 46 0 
297 46 0 
298 46 0 
299 46 0 
300 46 0 
301 46 0 
302 46 0 
303 46 0 
304 46 0 
305 46 0 
306 46 0 
307 46 0 
308 46 0 
309 46 0 
310 46 0 
311 46 0 
312 47 0 
313 47 0 
314 47 0 
315 48 0 
316 48 0 
317 48 0 
318 48 0 
319 48 0 
320 48 0 
321 48 0 
322 48 0 
323 48 0 
324 48 0 
325 48 0 
326 48 0 
327 48 0 
328 48 0 
329 48 0 
330 48 0 
331 48 0 
332 48 0 
333 49 0 
334 49 0 
335 49 0 
336 49 0 
337 49 0 
338 49 0 
339 49 0 
340 49 0 
341 49 0 
342 49 0 
343 49 0 
344 49 0 
345 49 0 
346 49 0 
347 49 0 
348 49 0 
349 49 0 
350 50 0 
351 50 0 
352 50 0 
353 50 0 
354 50 0 
355 52 0 
356 52 0 
357 52 0 
358 52 0 
359 53 0 
360 53 0 
361 53 0 
362 53 0 
363 53 0 
364 53 0 
365 54 0 
366 54 0 
367 54 0 
368 54 0 
369 54 0 
370 54 0 
371 55 0 
372 55 0 
373 55 0 
374 55 0 
375 55 0 
376 55 0 
377 55 0 
378 55 0 
379 56 0 
380 56 0 
381 56 0 
382 57 0 
383 57 0 
384 57 0 
385 57 0 
386 58 0 
387 59 0 
388 59 0 
389 59 0 
390 59 0 
391 59 0 
392 59 0 
393 59 0 
394 59 0 
395 59 0 
396 59 0 
397 59 0 
398 59 0 
399 60 0 
400 60 0 
401 60 0 
402 60 0 
403 61 0 
404 61 0 
405 61 0 
406 61 0 
407 61 0 
408 61 0 
409 61 0 
410 61 0 
411 61 0 
412 61 0 
413 61 0 
414 61 0 
415 61 0 
416 61 0 
417 61 0 
418 61 0 
419 61 0 
420 62 0 
421 62 0 
422 62 0 
423 62 0 
424 62 0 
425 63 0 
426 63 0 
427 63 0 
428 63 0 
429 63 0 
430 63 0 
431 63 0 
432 63 0 
433 63 0 
434 63 0 
435 63 0 
436 63 0 
437 63 0 
438 63 0 
439 63 0 
440 63 0 
441 63 0 
442 63 0 
443 63 0 
444 64 0 
445 64 0 
446 64 0 
447 64 0 
448 64 0 
449 64 0 
450 64 0 
451 64 0 
452 64 0 
453 65 0 
454 65 0 
455 65 0 
456 65 0 
457 65 0 
458 65 0 
459 65 0 
460 65 0 
461 65 0 
462 65 0 
463 65 0 
464 65 0 
465 65 0 
466 66 0 
467 66 0 
468 66 0 
469 67 0 
470 67 0 
471 68 0 
472 68 0 
473 69 0 
474 69 0 
475 69 0 
476 69 0 
477 69 0 
478 69 0 
479 69 0 
480 69 0 
481 69 0 
482 69 0 
483 70 0 
484 71 0 
485 71 0 
486 72 0 
487 72 0 
488 72 0 
489 72 0 
490 72 0 
491 74 0 
492 74 0 
493 74 0 
494 74 0 
495 75 0 
496 75 0 
497 76 0 
498 76 0 
499 76 0 
500 77 0 
501 77 0 
502 77 0 
503 77 0 
504 77 0 
505 77 0 
506 77 0 
507 77 0 
508 77 0 
509 77 0 
510 77 0 
511 77 0 
512 77 0 
513 78 0 
514 79 0 
515 79 0 
516 79 0 
517 79 0 
518 80 0 
519 81 0 
520 81 0 
521 81 0 
522 81 0 
523 81 0 
524 82 0 
525 82 0 
526 82 0 
527 83 0 
528 83 0 
529 84 0 
530 85 0 
531 85 0 
532 85 0 
533 85 0 
534 85 0 
535 86 0 
536 86 0 
537 86 0 
538 87 0 
539 87 0 
540 87 0 
541 87 0 
542 88 0 
543 88 0 
544 89 0 
545 89 0 
546 89 0 
547 89 0 
548 89 0 
549 90 0 
550 90 0 
551 90 0 
552 90 0 
553 90 0 
554 90 0 
555 90 0 
556 90 0 
557 90 0 
558 90 0 
559 91 0 
560 91 0 
561 92 0 
562 92 0 
563 93 0 
564 93 0 
565 93 0 
566 93 0 
567 94 0 
568 94 0 
569 94 0 
570 94 0 
571 94 0 
572 94 0 
573 94 0 
574 94 0 
575 94 0 
576 94 0 
577 94 0 
578 94 0 
579 94 0 
580 94 0 
581 94 0 
582 95 0 
583 95 0 
584 95 0 
585 95 0 
586 95 0 
587 96 0 
588 96 0 
589 97 0 
590 97 0 
591 97 0 
592 98 0 
593 98 0 
594 98 0 
595 98 0 
596 98 0 
597 98 0 
598 98 0 
599 98 0 
600 99 0 
601 99 0 
602 99 0 
603 99 0 
604 99 0 
605 99 0 
606 99 0 
607 99 0 
608 99 0 
609 99 0 
610 100 0 
611 100 0 
612 100 0 
613 100 0 
614 100 0 
615 100 0 
616 101 0 
617 101 0 
618 101 0 
619 101 0 
620 101 0 
621 101 0 
622 101 0 
623 101 0 
624 102 0 
625 102 0 
626 102 0 
627 102 0 
628 102 0 
629 102 0 
630 102 0 
631 102 0 
632 102 0 
633 103 0 
634 103 0 
635 103 0 
636 103 0 
637 103 0 
638 103 0 
639 103 0 
640 103 0 
641 103 0 
642 103 0 
643 103 0 
644 103 0 
645 103 0 
646 103 0 
647 103 0 
648 103 0 
649 104 0 
650 104 0 
651 104 0 
652 104 0 
653 104 0 
654 104 0 
655 104 0 
656 104 0 
657 104 0 
658 104 0 
659 104 0 
660 105 0 
661 105 0 
662 105 0 
663 105 0 
664 105 0 
665 106 0 
666 106 0 
667 106 0 
668 107 0 
669 107 0 
670 107 0 
671 107 0 
672 107 0 
673 107 0 
674 107 0 
675 108 0 
676 108 0 
677 108 0 
678 109 0 
679 109 0 
680 109 0 
681 109 0 
682 109 0 
683 110 0 
684 110 0 
685 110 0 
686 110 0 
687 110 0 
688 110 0 
689 110 0 
690 110 0 
691 110 0 
692 110 0 
693 110 0 
694 110 0 
695 110 0 
696 110 0 
697 110 0 
698 110 0 
699 110 0 
700 110 0 
701 110 0 
702 110 0 
703 110 0 
704 111 0 
705 111 0 
706 111 0 
707 111 0 
708 111 0 
709 111 0 
710 111 0 
711 111 0 
712 112 0 
713 112 0 
714 112 0 
715 112 0 
716 113 0 
717 113 0 
718 113 0 
719 113 0 
720 113 0 
721 114 0 
722 114 0 
723 114 0 
724 114 0 
725 115 0 
726 115 0 
727 115 0 
728 116 0 
729 116 0 
730 116 0 
731 116 0 
732 116 0 
733 116 0 
734 116 0 
735 116 0 
736 116 0 
737 117 0 
738 117 0 
739 118 0 
740 119 0 
741 119 0 
742 119 0 
743 119 0 
744 120 0 
745 120 0 
746 120 0 
747 120 0 
748 120 0 
749 120 0 
750 120 0 
751 120 0 
752 120 0 
753 120 0 
754 121 0 
755 121 0 
756 121 0 
757 121 0 
758 121 0 
759 121 0 
760 121 0 
761 121 0 
762 121 0 
763 121 0 
764 121 0 
765 121 0 
766 121 0 
767 121 0 
768 121 0 
769 121 0 
770 121 0 
771 121 0 
772 121 0 
773 121 0 
774 121 0 
775 121 0 
776 121 0 
777 121 0 
778 121 0 
779 121 0 
780 121 0 
781 121 0 
782 121 0 
783 121 0 
784 121 0 
785 121 0 
786 122 0 
787 122 0 
788 122 0 
789 122 0 
790 124 0 
791 124 0 
792 124 0 
793 124 0 
794 125 0 
795 125 0 
796 125 0 
797 126 0 
798 126 0 
799 126 0 
800 126 0 
801 126 0 
802 126 0 
803 126 0 
804 126 0 
805 126 0 
806 127 0 
807 127 0 
808 127 0 
809 127 0 
810 128 0 
811 128 0 
812 129 0 
813 129 0 
814 129 0 
815 129 0 
816 129 0 
817 129 0 
818 129 0 
819 129 0 
820 130 0 
821 130 0 
822 130 0 
823 130 0 
824 130 0 
825 130 0 
826 130 0 
827 130 0 
828 130 0 
829 130 0 
830 130 0 
831 130 0 
832 130 0 
833 131 0 
834 131 0 
835 131 0 
836 131 0 
837 131 0 
838 131 0 
839 131 0 
840 132 0 
841 132 0 
842 132 0 
843 132 0 
844 132 0 
845 132 0 
846 132 0 
847 132 0 
848 133 0 
849 133 0 
850 133 0 
851 133 0 
852 133 0 
853 133 0 
854 134 0 
855 134 0 
856 134 0 
857 134 0 
858 134 0 
859 134 0 
860 134 0 
861 134 0 
862 134 0 
863 134 0 
864 134 0 
865 134 0 
866 134 0 
867 134 0 
868 135 0 
869 135 0 
870 135 0 
871 135 0 
872 136 0 
873 136 0 
874 136 0 
875 136 0 
876 136 0 
877 136 0 
878 137 0 
879 137 0 
880 138 0 
881 138 0 
882 138 0 
883 138 0 
884 138 0 
885 138 0 
886 138 0 
887 138 0 
888 138 0 
889 138 0 
890 138 0 
891 138 0 
892 138 0 
893 138 0 
894 138 0 
895 138 0 
896 138 0 
897 138 0 
898 140 0 
899 140 0 
900 140 0 
901 141 0 
902 142 0 
903 142 0 
904 142 0 
905 142 0 
906 142 0 
907 142 0 
908 142 0 
909 142 0 
910 143 0 
911 143 0 
912 143 0 
913 143 0 
914 144 0 
915 144 0 
916 145 0 
917 145 0 
918 146 0 
919 146 0 
920 146 0 
921 147 0 
922 147 0 
923 147 0 
924 147 0 
925 147 0 
926 147 0 
927 147 0 
928 147 0 
929 147 0 
930 147 0 
931 147 0 
932 147 0 
933 147 0 
934 147 0 
935 147 0 
936 147 0 
937 147 0 
938 147 0 
939 147 0 
940 147 0 
941 147 0 
942 147 0 
943 147 0 
944 147 0 
945 147 0 
946 148 0 
947 149 0 
948 149 0 
949 150 0 
950 150 0 
951 150 0 
952 150 0 
953 151 0 
954 151 0 
955 151 0 
956 151 0 
957 151 0 
958 152 0 
959 152 0 
960 152 0 
961 152 0 
962 152 0 
963 152 0 
964 153 0 
965 153 0 
966 153 0 
967 153 0 
968 153 0 
969 153 0 
970 153 0 
971 153 0 
972 153 0 
973 153 0 
974 153 0 
975 153 0 
976 153 0 
977 153 0 
978 154 0 
979 154 0 
980 154 0 
981 155 0 
982 155 0 
983 155 0 
984 155 0 
985 155 0 
986 155 0 
987 155 0 
988 155 0 
989 155 0 
990 155 0 
991 155 0 
992 156 0 
993 156 0 
994 156 0 
995 156 0 
996 156 0 
997 156 0 
998 157 0 
999 157 0 
1000 157 0 
