# frame +z -z 
0 0 0 
1 0 0 
2 0 0 
3 0 0 
4 0 0 
5 0 0 
6 1 0 
7 1 0 
8 2 0 
9 2 0 
10 2 0 
11 2 0 
12 2 0 
13 2 0 
14 2 0 
15 2 0 
16 3 0 
17 3 0 
18 3 0 
19 4 0 
20 4 0 
21 4 0 
22 4 0 
23 4 0 
24 4 0 
25 4 0 
26 4 0 
27 4 0 
28 4 0 
29 4 0 
30 4 0 
31 4 0 
32 4 0 
33 4 0 
34 4 0 
35 5 0 
36 6 0 
37 6 0 
38 6 0 
39 6 0 
40 6 0 
41 6 0 
42 6 0 
43 6 0 
44 6 0 
45 6 0 
46 6 0 
47 6 0 
48 6 0 
49 6 0 
50 6 0 
51 6 0 
52 6 0 
53 6 0 
54 6 0 
55 6 0 
56 6 0 
57 7 0 
58 7 0 
59 7 0 
60 7 0 
61 7 0 
62 7 0 
63 7 0 
64 7 0 
65 7 0 
66 8 0 
67 8 0 
68 8 0 
69 8 0 
70 8 0 
71 8 0 
72 8 0 
73 8 0 
74 8 0 
75 8 0 
76 9 0 
77 9 0 
78 9 0 
79 9 0 
80 10 0 
81 10 0 
82 10 0 
83 10 0 
84 11 0 
85 11 0 
86 11 0 
87 11 0 
88 11 0 
89 11 0 
90 12 0 
91 12 0 
92 12 0 
93 12 0 
94 12 0 
95 12 0 
96 12 0 
97 12 0 
98 12 0 
99 12 0 
100 12 0 
101 12 0 
102 12 0 
103 12 0 
104 12 0 
105 12 0 
106 13 0 
107 13 0 
108 14 0 
109 14 0 
110 14 0 
111 14 0 
112 14 0 
113 14 0 
114 14 0 
115 14 0 
116 14 0 
117 14 0 
118 14 0 
119 14 0 
120 14 0 
121 14 0 
122 14 0 
123 15 0 
124 15 0 
125 15 0 
126 15 0 
127 15 0 
128 16 0 
129 16 0 
130 16 0 
131 17 0 
132 17 0 
133 17 0 
134 18 0 
135 19 0 
136 19 0 
137 19 0 
138 19 0 
139 20 0 
140 20 0 
141 21 0 
142 21 0 
143 21 0 
144 21 0 
145 21 0 
146 22 0 
147 22 0 
148 22 0 
149 22 0 
150 22 0 
151 22 0 
152 22 0 
153 22 0 
154 22 0 
155 22 0 
156 22 0 
157 22 0 
158 22 0 
159 22 0 
160 22 0 
161 22 0 
162 22 0 
163 22 0 
164 22 0 
165 22 0 
166 22 0 
167 22 0 
168 22 0 
169 23 0 
170 23 0 
171 23 0 
172 23 0 
173 23 0 
174 23 0 
175 23 0 
176 24 0 
177 24 0 
178 24 0 
179 24 0 
180 24 0 
181 24 0 
182 24 0 
183 24 0 
184 25 0 
185 26 0 
186 26 0 
187 26 0 
188 26 0 
189 27 0 
190 27 0 
191 27 0 
192 27 0 
193 27 0 
194 27 0 
195 27 0 
196 27 0 
197 27 0 
198 27 0 
199 27 0 
200 27 0 
201 27 0 
202 28 0 
203 28 0 
204 28 0 
205 28 0 
206 28 0 
207 28 0 
208 28 0 
209 28 0 
210 28 0 
211 29 0 
212 29 0 
213 29 0 
214 29 0 
215 29 0 
216 29 0 
217 29 0 
218 29 0 
219 29 0 
220 29 0 
221 29 0 
222 29 0 
223 29 0 
224 29 0 
225 29 0 
226 31 0 
227 31 0 
228 31 0 
229 31 0 
230 31 0 
231 31 0 
232 31 0 
233 31 0 
234 31 0 
235 31 0 
236 31 0 
237 31 0 
238 31 0 
239 31 0 
240 31 0 
241 31 0 
242 31 0 
243 33 0 
244 33 0 
245 33 0 
246 33 0 
247 33 0 
248 33 0 
249 33 0 
250 33 0 
251 34 0 
252 34 0 
253 34 0 
254 34 0 
255 35 0 
256 35 0 
257 35 0 
258 35 0 
259 35 0 
260 35 0 
261 35 0 
262 35 0 
263 36 0 
264 36 0 
265 36 0 
266 36 0 
267 37 0 
268 38 0 
269 38 0 
270 38 0 
271 38 0 
272 38 0 
273 38 0 
274 38 0 
275 38 0 
276 38 0 
277 38 0 
278 38 0 
279 39 0 
280 40 0 
281 40 0 
282 41 0 
283 41 0 
284 41 0 
285 41 0 
286 42 0 
287 42 0 
288 42 0 
289 42 0 
290 42 0 
291 42 0 
292 42 0 
293 42 0 
294 42 0 
295 42 0 
296 42 0 
297 42 0 
298 42 0 
299 42 0 
300 42 0 
301 42 0 
302 42 0 
303 42 0 
304 42 0 
305 42 0 
306 42 0 
307 42 0 
308 42 0 
309 43 0 
310 43 0 
311 44 0 
312 44 0 
313 44 0 
314 44 0 
315 44 0 
316 44 0 
317 44 0 
318 44 0 
319 44 0 
320 44 0 
321 44 0 
322 44 0 
323 45 0 
324 45 0 
325 45 0 
326 45 0 
327 45 0 
328 45 0 
329 45 0 
330 45 0 
331 45 0 
332 45 0 
333 45 0 
334 45 0 
335 45 0 
336 45 0 
337 45 0 
338 45 0 
339 45 0 
340 45 0 
341 45 0 
342 45 0 
343 45 0 
344 45 0 
345 46 0 
346 46 0 
347 46 0 
348 48 0 
349 48 0 
350 48 0 
351 48 0 
352 48 0 
353 48 0 
354 48 0 
355 48 0 
356 48 0 
357 48 0 
358 48 0 
359 49 0 
360 49 0 
361 49 0 
362 49 0 
363 49 0 
364 49 0 
365 49 0 
366 50 0 
367 50 0 
368 50 0 
369 50 0 
370 50 0 
371 50 0 
372 50 0 
373 50 0 
374 50 0 
375 50 0 
376 50 0 
377 50 0 
378 51 0 
379 51 0 
380 51 0 
381 51 0 
382 51 0 
383 51 0 
384 51 0 
385 51 0 
386 51 0 
387 51 0 
388 51 0 
389 51 0 
390 51 0 
391 51 0 
392 51 0 
393 51 0 
394 51 0 
395 51 0 
396 51 0 
397 51 0 
398 51 0 
399 51 0 
400 51 0 
401 51 0 
402 51 0 
403 51 0 
404 51 0 
405 51 0 
406 51 0 
407 51 0 
408 51 0 
409 51 0 
410 51 0 
411 51 0 
412 51 0 
413 51 0 
414 51 0 
415 51 0 
416 51 0 
417 51 0 
418 51 0 
419 51 0 
420 51 0 
421 51 0 
422 51 0 
423 51 0 
424 51 0 
425 51 0 
426 51 0 
427 51 0 
428 51 0 
429 51 0 
430 51 0 
431 51 0 
432 51 0 
433 51 0 
434 52 0 
435 52 0 
436 53 0 
437 53 0 
438 54 0 
439 54 0 
440 54 0 
441 55 0 
442 55 0 
443 55 0 
444 55 0 
445 55 0 
446 55 0 
447 55 0 
448 55 0 
449 55 0 
450 55 0 
451 55 0 
452 56 0 
453 56 0 
454 56 0 
455 57 0 
456 58 0 
457 58 0 
458 58 0 
459 58 0 
460 59 0 
461 59 0 
462 59 0 
463 59 0 
464 59 0 
465 59 0 
466 60 0 
467 60 0 
468 60 0 
469 60 0 
470 60 0 
471 60 0 
472 60 0 
473 60 0 
474 60 0 
475 60 0 
476 61 0 
477 61 0 
478 61 0 
479 61 0 
480 61 0 
481 61 0 
482 61 0 
483 61 0 
484 61 0 
485 61 0 
486 61 0 
487 61 0 
488 61 0 
489 61 0 
490 61 0 
491 61 0 
492 61 0 
493 61 0 
494 61 0 
495 61 0 
496 62 0 
497 62 0 
498 62 0 
499 62 0 
500 62 0 
501 62 0 
502 62 0 
503 64 0 
504 64 0 
505 64 0 
506 65 0 
507 65 0 
508 66 0 
509 66 0 
510 67 0 
511 67 0 
512 67 0 
513 67 0 
514 67 0 
515 67 0 
516 68 0 
517 68 0 
518 68 0 
519 68 0 
520 69 0 
521 69 0 
522 69 0 
523 70 0 
524 71 0 
525 71 0 
526 71 0 
527 72 0 
528 72 0 
529 72 0 
530 72 0 
531 72 0 
532 72 0 
533 72 0 
534 72 0 
535 72 0 
536 72 0 
537 73 0 
538 73 0 
539 73 0 
540 73 0 
541 73 0 
542 73 0 
543 74 0 
544 74 0 
545 74 0 
546 74 0 
547 74 0 
548 75 0 
549 75 0 
550 75 0 
551 75 0 
552 76 0 
553 76 0 
554 76 0 
555 76 0 
556 76 0 
557 76 0 
558 76 0 
559 76 0 
560 76 0 
561 76 0 
562 76 0 
563 76 0 
564 77 0 
565 77 0 
566 77 0 
567 77 0 
568 77 0 
569 77 0 
570 78 0 
571 78 0 
572 78 0 
573 79 0 
574 79 0 
575 79 0 
576 79 0 
577 79 0 
578 79 0 
579 79 0 
580 79 0 
581 79 0 
582 79 0 
583 79 0 
584 79 0 
585 79 0 
586 79 0 
587 79 0 
588 79 0 
589 79 0 
590 79 0 
591 79 0 
592 79 0 
593 79 0 
594 79 0 
595 79 0 
596 79 0 
597 79 0 
598 79 0 
599 79 0 
600 79 0 
601 79 0 
602 79 0 
603 79 0 
604 79 0 
605 80 0 
606 80 0 
607 80 0 
608 81 0 
609 81 0 
610 81 0 
611 82 0 
612 82 0 
613 82 0 
614 82 0 
615 82 0 
616 82 0 
617 82 0 
618 82 0 
619 82 0 
620 82 0 
621 83 0 
622 83 0 
623 83 0 
624 83 0 
625 83 0 
626 83 0 
627 83 0 
628 83 0 
629 84 0 
630 84 0 
631 84 0 
632 84 0 
633 84 0 
634 84 0 
635 84 0 
636 84 0 
637 84 0 
638 84 0 
639 84 0 
640 84 0 
641 84 0 
642 85 0 
643 85 0 
644 85 0 
645 85 0 
646 86 0 
647 86 0 
648 86 0 
649 86 0 
650 87 0 
651 87 0 
652 88 0 
653 88 0 
654 88 0 
655 88 0 
656 88 0 
657 88 0 
658 88 0 
659 88 0 
660 88 0 
661 88 0 
662 89 0 
663 90 0 
664 90 0 
665 90 0 
666 90 0 
667 90 0 
668 90 0 
669 90 0 
670 90 0 
671 90 0 
672 90 0 
673 90 0 
674 90 0 
675 90 0 
676 90 0 
677 90 0 
678 90 0 
679 91 0 
680 91 0 
681 91 0 
682 91 0 
683 91 0 
684 91 0 
685 91 0 
686 91 0 
687 92 0 
688 92 0 
689 92 0 
690 92 0 
691 92 0 
692 92 0 
693 92 0 
694 92 0 
695 92 0 
696 93 0 
697 93 0 
698 93 0 
699 94 0 
700 94 0 
701 94 0 
702 94 0 
703 94 0 
704 94 0 
705 94 0 
706 94 0 
707 94 0 
708 94 0 
709 95 0 
710 95 0 
711 95 0 
712 95 0 
713 95 0 
714 95 0 
715 95 0 
716 95 0 
717 96 0 
718 97 0 
719 97 0 
720 97 0 
721 97 0 
722 97 0 
723 97 0 
724 97 0 
725 97 0 
726 97 0 
727 97 0 
728 97 0 
729 97 0 
730 97 0 
731 97 0 
732 97 0 
733 97 0 
734 98 0 
735 98 0 
736 98 0 
737 98 0 
738 100 0 
739 100 0 
740 100 0 
741 100 0 
742 100 0 
743 100 0 
744 100 0 
745 100 0 
746 100 0 
747 100 0 
748 100 0 
749 100 0 
750 100 0 
751 100 0 
752 100 0 
753 100 0 
754 100 0 
755 100 0 
756 101 0 
757 101 0 
758 101 0 
759 102 0 
760 102 0 
761 102 0 
762 102 0 
763 103 0 
764 103 0 
765 103 0 
766 103 0 
767 103 0 
768 103 0 
769 104 0 
770 104 0 
771 104 0 
772 104 0 
773 104 0 
774 105 0 
775 105 0 
776 106 0 
777 106 0 
778 107 0 
779 107 0 
780 107 0 
781 107 0 
782 107 0 
783 107 0 
784 107 0 
785 107 0 
786 107 0 
787 107 0 
788 107 0 
789 108 0 
790 108 0 
791 108 0 
792 108 0 
793 108 0 
794 108 0 
795 108 0 
796 108 0 
797 108 0 
798 108 0 
799 108 0 
800 108 0 
801 109 0 
802 109 0 
803 109 0 
804 109 0 
805 109 0 
806 109 0 
807 110 0 
808 110 0 
809 110 0 
810 110 0 
811 110 0 
812 110 0 
813 110 0 
814 110 0 
815 110 0 
816 111 0 
817 111 0 
818 111 0 
819 111 0 
820 111 0 
821 111 0 
822 112 0 
823 112 0 
824 112 0 
825 112 0 
826 112 0 
827 113 0 
828 113 0 
829 113 0 
830 113 0 
831 113 0 
832 113 0 
833 113 0 
834 113 0 
835 114 0 
836 114 0 
837 114 0 
838 114 0 
839 114 0 
840 114 0 
841 114 0 
842 114 0 
843 114 0 
844 114 0 
845 114 0 
846 114 0 
847 114 0 
848 114 0 
849 115 0 
850 115 0 
851 115 0 
852 115 0 
853 115 0 
854 115 0 
855 116 0 
856 116 0 
857 116 0 
858 116 0 
859 116 0 
860 116 0 
861 117 0 
862 117 0 
863 117 0 
864 117 0 
865 117 0 
866 117 0 
867 117 0 
868 117 0 
869 117 0 
870 117 0 
871 117 0 
872 117 0 
873 118 0 
874 118 0 
875 118 0 
876 118 0 
877 119 0 
878 119 0 
879 119 0 
880 120 0 
881 120 0 
882 120 0 
883 120 0 
884 120 0 
885 120 0 
886 120 0 
887 120 0 
888 121 0 
889 121 0 
890 121 0 
891 121 0 
892 121 0 
893 121 0 
894 121 0 
895 121 0 
896 121 0 
897 122 0 
898 122 0 
899 122 0 
900 122 0 
901 122 0 
902 122 0 
903 122 0 
904 122 0 
905 122 0 
906 122 0 
907 122 0 
908 122 0 
909 122 0 
910 122 0 
911 122 0 
912 122 0 
913 122 0 
914 122 0 
915 122 0 
916 122 0 
917 122 0 
918 122 0 
919 122 0 
920 122 0 
921 122 0 
922 123 0 
923 123 0 
924 123 0 
925 123 0 
926 123 0 
927 123 0 
928 123 0 
929 123 0 
930 123 0 
931 123 0 
932 123 0 
933 124 0 
934 124 0 
935 124 0 
936 124 0 
937 124 0 
938 124 0 
939 124 0 
940 124 0 
941 124 0 
942 124 0 
943 124 0 
944 124 0 
945 125 0 
946 125 0 
947 125 0 
948 125 0 
949 125 0 
950 125 0 
951 125 0 
952 125 0 
953 125 0 
954 126 0 
955 127 0 
956 127 0 
957 127 0 
958 127 0 
959 127 0 
960 127 0 
961 127 0 
962 127 0 
963 127 0 
964 128 0 
965 128 0 
966 128 0 
967 128 0 
968 128 0 
969 128 0 
970 128 0 
971 128 0 
972 128 0 
973 128 0 
974 128 0 
975 128 0 
976 128 0 
977 128 0 
978 128 0 
979 128 0 
980 128 0 
981 128 0 
982 128 0 
983 128 0 
984 128 0 
985 128 0 
986 128 0 
987 128 0 
988 128 0 
989 128 0 
990 128 0 
991 128 0 
992 128 0 
993 128 0 
994 129 0 
995 129 0 
996 129 0 
997 129 0 
998 130 0 
999 130 0 
1000 130 0 
