# frame +z -z 
0 0 0 
1 0 0 
2 0 0 
3 0 0 
4 0 0 
5 0 0 
6 0 0 
7 0 0 
8 0 0 
9 1 0 
10 1 0 
11 1 0 
12 2 0 
13 2 0 
14 2 0 
15 2 0 
16 2 0 
17 2 0 
18 2 0 
19 2 0 
20 2 0 
21 2 0 
22 2 0 
23 2 0 
24 2 0 
25 2 0 
26 2 0 
27 2 0 
28 2 0 
29 2 0 
30 2 0 
31 2 0 
32 2 0 
33 4 0 
34 4 0 
35 4 0 
36 4 0 
37 4 0 
38 4 0 
39 4 0 
40 4 0 
41 4 0 
42 4 0 
43 4 0 
44 4 0 
45 4 0 
46 4 0 
47 4 0 
48 4 0 
49 4 0 
50 4 0 
51 4 0 
52 4 0 
53 4 0 
54 4 0 
55 4 0 
56 4 0 
57 4 0 
58 4 0 
59 5 0 
60 6 0 
61 6 0 
62 6 0 
63 6 0 
64 6 0 
65 6 0 
66 6 0 
67 6 0 
68 6 0 
69 6 0 
70 6 0 
71 6 0 
72 6 0 
73 6 0 
74 6 0 
75 6 0 
76 6 0 
77 6 0 
78 6 0 
79 6 0 
80 7 0 
81 7 0 
82 7 0 
83 7 0 
84 7 0 
85 7 0 
86 8 0 
87 8 0 
88 8 0 
89 8 0 
90 8 0 
91 8 0 
92 8 0 
93 8 0 
94 8 0 
95 8 0 
96 8 0 
97 8 0 
98 8 0 
99 8 0 
100 8 0 
101 8 0 
102 8 0 
103 8 0 
104 8 0 
105 8 0 
106 8 0 
107 8 0 
108 8 0 
109 8 0 
110 8 0 
111 9 0 
112 9 0 
113 9 0 
114 9 0 
115 9 0 
116 9 0 
117 9 0 
118 9 0 
119 10 0 
120 10 0 
121 10 0 
122 10 0 
123 10 0 
124 10 0 
125 10 0 
126 10 0 
127 10 0 
128 12 0 
129 12 0 
130 12 0 
131 13 0 
132 13 0 
133 13 0 
134 13 0 
135 13 0 
136 13 0 
137 13 0 
138 13 0 
139 13 0 
140 13 0 
141 13 0 
142 14 0 
143 14 0 
144 14 0 
145 14 0 
146 14 0 
147 14 0 
148 15 0 
149 15 0 
150 15 0 
151 15 0 
152 15 0 
153 15 0 
154 15 0 
155 16 0 
156 16 0 
157 16 0 
158 16 0 
159 16 0 
160 17 0 
161 17 0 
162 17 0 
163 17 0 
164 17 0 
165 17 0 
166 17 0 
167 18 0 
168 18 0 
169 19 0 
170 19 0 
171 19 0 
172 19 0 
173 19 0 
174 19 0 
175 19 0 
176 19 0 
177 19 0 
178 19 0 
179 19 0 
180 19 0 
181 19 0 
182 19 0 
183 19 0 
184 19 0 
185 19 0 
186 19 0 
187 19 0 
188 19 0 
189 19 0 
190 20 0 
191 20 0 
192 20 0 
193 20 0 
194 20 0 
195 20 0 
196 20 0 
197 20 0 
198 20 0 
199 20 0 
200 20 0 
201 20 0 
202 20 0 
203 20 0 
204 20 0 
205 20 0 
206 20 0 
207 20 0 
208 20 0 
209 20 0 
210 20 0 
211 20 0 
212 20 0 
213 20 0 
214 20 0 
215 20 0 
216 20 0 
217 20 0 
218 20 0 
219 20 0 
220 20 0 
221 20 0 
222 21 0 
223 21 0 
224 21 0 
225 21 0 
226 21 0 
227 21 0 
228 22 0 
229 22 0 
230 23 0 
231 23 0 
232 23 0 
233 23 0 
234 23 0 
235 23 0 
236 23 0 
237 23 0 
238 23 0 
239 23 0 
240 23 0 
241 23 0 
242 23 0 
243 25 0 
244 25 0 
245 25 0 
246 25 0 
247 25 0 
248 25 0 
249 25 0 
250 25 0 
251 26 0 
252 26 0 
253 26 0 
254 27 0 
255 27 0 
256 27 0 
257 27 0 
258 27 0 
259 27 0 
260 27 0 
261 28 0 
262 28 0 
263 29 0 
264 30 0 
265 30 0 
266 30 0 
267 30 0 
268 30 0 
269 30 0 
270 30 0 
271 30 0 
272 30 0 
273 30 0 
274 30 0 
275 30 0 
276 30 0 
277 30 0 
278 30 0 
279 30 0 
280 30 0 
281 30 0 
282 30 0 
283 30 0 
284 31 0 
285 31 0 
286 31 0 
287 31 0 
288 31 0 
289 31 0 
290 33 0 
291 33 0 
292 33 0 
293 33 0 
294 33 0 
295 33 0 
296 34 0 
297 34 0 
298 34 0 
299 34 0 
300 34 0 
301 34 0 
302 34 0 
303 34 0 
304 34 0 
305 34 0 
306 34 0 
307 34 0 
308 34 0 
309 35 0 
310 35 0 
311 36 0 
312 36 0 
313 36 0 
314 36 0 
315 36 0 
316 36 0 
317 36 0 
318 36 0 
319 37 0 
320 38 0 
321 38 0 
322 39 0 
323 39 0 
324 39 0 
325 40 0 
326 40 0 
327 40 0 
328 40 0 
329 40 0 
330 40 0 
331 40 0 
332 40 0 
333 40 0 
334 40 0 
335 41 0 
336 41 0 
337 41 0 
338 41 0 
339 41 0 
340 41 0 
341 41 0 
342 41 0 
343 42 0 
344 42 0 
345 42 0 
346 43 0 
347 43 0 
348 43 0 
349 43 0 
350 43 0 
351 43 0 
352 43 0 
353 43 0 
354 44 0 
355 44 0 
356 44 0 
357 45 0 
358 45 0 
359 45 0 
360 45 0 
361 45 0 
362 45 0 
363 45 0 
364 45 0 
365 45 0 
366 45 0 
367 45 0 
368 45 0 
369 45 0 
370 45 0 
371 45 0 
372 45 0 
373 45 0 
374 45 0 
375 45 0 
376 46 0 
377 46 0 
378 47 0 
379 47 0 
380 47 0 
381 47 0 
382 47 0 
383 48 0 
384 48 0 
385 48 0 
386 48 0 
387 48 0 
388 49 0 
389 49 0 
390 49 0 
391 49 0 
392 49 0 
393 49 0 
394 49 0 
395 49 0 
396 49 0 
397 49 0 
398 49 0 
399 49 0 
400 49 0 
401 49 0 
402 49 0 
403 49 0 
404 49 0 
405 49 0 
406 49 0 
407 49 0 
408 49 0 
409 49 0 
410 49 0 
411 49 0 
412 49 0 
413 49 0 
414 49 0 
415 49 0 
416 49 0 
417 49 0 
418 49 0 
419 49 0 
420 49 0 
421 49 0 
422 49 0 
423 49 0 
424 50 0 
425 50 0 
426 50 0 
427 50 0 
428 50 0 
429 50 0 
430 50 0 
431 50 0 
432 50 0 
433 50 0 
434 50 0 
435 51 0 
436 51 0 
437 51 0 
438 51 0 
439 51 0 
440 51 0 
441 51 0 
442 51 0 
443 51 0 
444 51 0 
445 51 0 
446 51 0 
447 51 0 
448 51 0 
449 51 0 
450 51 0 
451 51 0 
452 52 0 
453 52 0 
454 52 0 
455 52 0 
456 52 0 
457 52 0 
458 52 0 
459 52 0 
460 52 0 
461 52 0 
462 52 0 
463 52 0 
464 52 0 
465 52 0 
466 52 0 
467 52 0 
468 52 0 
469 52 0 
470 52 0 
471 53 0 
472 53 0 
473 53 0 
474 53 0 
475 53 0 
476 53 0 
477 53 0 
478 53 0 
479 53 0 
480 54 0 
481 54 0 
482 54 0 
483 55 0 
484 55 0 
485 55 0 
486 55 0 
487 55 0 
488 55 0 
489 56 0 
490 56 0 
491 56 0 
492 56 0 
493 56 0 
494 56 0 
495 57 0 
496 57 0 
497 58 0 
498 58 0 
499 58 0 
500 58 0 
501 58 0 
502 58 0 
503 58 0 
504 59 0 
505 59 0 
506 59 0 
507 59 0 
508 59 0 
509 59 0 
510 59 0 
511 59 0 
512 59 0 
513 59 0 
514 59 0 
515 59 0 
516 59 0 
517 60 0 
518 60 0 
519 61 0 
520 61 0 
521 61 0 
522 61 0 
523 61 0 
524 61 0 
525 61 0 
526 61 0 
527 61 0 
528 61 0 
529 61 0 
530 61 0 
531 61 0 
532 61 0 
533 61 0 
534 61 0 
535 62 0 
536 62 0 
537 62 0 
538 62 0 
539 63 0 
540 63 0 
541 63 0 
542 63 0 
543 64 0 
544 64 0 
545 65 0 
546 65 0 
547 65 0 
548 65 0 
549 65 0 
550 65 0 
551 65 0 
552 65 0 
553 65 0 
554 65 0 
555 65 0 
556 65 0 
557 65 0 
558 65 0 
559 65 0 
560 65 0 
561 66 0 
562 66 0 
563 66 0 
564 66 0 
565 67 0 
566 67 0 
567 67 0 
568 67 0 
569 67 0 
570 67 0 
571 67 0 
572 67 0 
573 67 0 
574 67 0 
575 67 0 
576 67 0 
577 67 0 
578 67 0 
579 67 0 
580 67 0 
581 67 0 
582 67 0 
583 67 0 
584 67 0 
585 67 0 
586 67 0 
587 67 0 
588 67 0 
589 67 0 
590 68 0 
591 69 0 
592 69 0 
593 69 0 
594 69 0 
595 69 0 
596 69 0 
597 69 0 
598 69 0 
599 69 0 
600 70 0 
601 71 0 
602 71 0 
603 71 0 
604 71 0 
605 71 0 
606 71 0 
607 72 0 
608 72 0 
609 72 0 
610 72 0 
611 73 0 
612 73 0 
613 73 0 
614 73 0 
615 74 0 
616 74 0 
617 74 0 
618 74 0 
619 74 0 
620 75 0 
621 75 0 
622 75 0 
623 75 0 
624 75 0 
625 75 0 
626 75 0 
627 75 0 
628 75 0 
629 75 0 
630 75 0 
631 75 0 
632 75 0 
633 75 0 
634 75 0 
635 75 0 
636 75 0 
637 75 0 
638 76 0 
639 76 0 
640 76 0 
641 77 0 
642 77 0 
643 77 0 
644 77 0 
645 77 0 
646 77 0 
647 77 0 
648 77 0 
649 77 0 
650 78 0 
651 78 0 
652 78 0 
653 79 0 
654 79 0 
655 79 0 
656 79 0 
657 79 0 
658 80 0 
659 80 0 
660 80 0 
661 80 0 
662 80 0 
663 80 0 
664 80 0 
665 80 0 
666 80 0 
667 80 0 
668 80 0 
669 80 0 
670 80 0 
671 81 0 
672 81 0 
673 81 0 
674 81 0 
675 82 0 
676 82 0 
677 82 0 
678 82 0 
679 82 0 
680 82 0 
681 82 0 
682 82 0 
683 82 0 
684 82 0 
685 82 0 
686 82 0 
687 82 0 
688 82 0 
689 82 0 
690 82 0 
691 82 0 
692 82 0 
693 82 0 
694 82 0 
695 82 0 
696 83 0 
697 83 0 
698 84 0 
699 84 0 
700 84 0 
701 84 0 
702 84 0 
703 84 0 
704 84 0 
705 84 0 
706 84 0 
707 84 0 
708 84 0 
709 84 0 
710 84 0 
711 84 0 
712 84 0 
713 84 0 
714 84 0 
715 84 0 
716 84 0 
717 85 0 
718 85 0 
719 85 0 
720 85 0 
721 86 0 
722 87 0 
723 87 0 
724 87 0 
725 88 0 
726 88 0 
727 88 0 
728 88 0 
729 88 0 
730 88 0 
731 88 0 
732 88 0 
733 88 0 
734 88 0 
735 88 0 
736 88 0 
737 89 0 
738 89 0 
739 89 0 
740 89 0 
741 91 0 
742 92 0 
743 92 0 
744 92 0 
745 92 0 
746 92 0 
747 92 0 
748 92 0 
749 93 0 
750 93 0 
751 93 0 
752 93 0 
753 93 0 
754 93 0 
755 93 0 
756 93 0 
757 93 0 
758 93 0 
759 93 0 
760 93 0 
761 93 0 
762 93 0 
763 93 0 
764 93 0 
765 93 0 
766 93 0 
767 93 0 
768 93 0 
769 94 0 
770 94 0 
771 94 0 
772 94 0 
773 94 0 
774 94 0 
775 94 0 
776 94 0 
777 94 0 
778 94 0 
779 94 0 
780 95 0 
781 95 0 
782 95 0 
783 95 0 
784 95 0 
785 95 0 
786 95 0 
787 95 0 
788 95 0 
789 95 0 
790 95 0 
791 95 0 
792 95 0 
793 95 0 
794 95 0 
795 95 0 
796 95 0 
797 95 0 
798 95 0 
799 95 0 
800 95 0 
801 95 0 
802 95 0 
803 96 0 
804 96 0 
805 96 0 
806 96 0 
807 96 0 
808 96 0 
809 96 0 
810 96 0 
811 96 0 
812 96 0 
813 96 0 
814 96 0 
815 96 0 
816 96 0 
817 96 0 
818 96 0 
819 96 0 
820 96 0 
821 96 0 
822 96 0 
823 96 0 
824 96 0 
825 96 0 
826 96 0 
827 96 0 
828 96 0 
829 96 0 
830 96 0 
831 96 0 
832 96 0 
833 96 0 
834 96 0 
835 96 0 
836 97 0 
837 97 0 
838 97 0 
839 97 0 
840 97 0 
841 97 0 
842 97 0 
843 97 0 
844 97 0 
845 97 0 
846 97 0 
847 97 0 
848 97 0 
849 97 0 
850 98 0 
851 98 0 
852 98 0 
853 98 0 
854 98 0 
855 98 0 
856 98 0 
857 98 0 
858 98 0 
859 98 0 
860 99 0 
861 99 0 
862 99 0 
863 99 0 
864 99 0 
865 99 0 
866 99 0 
867 99 0 
868 99 0 
869 99 0 
870 99 0 
871 99 0 
872 99 0 
873 99 0 
874 99 0 
875 99 0 
876 99 0 
877 99 0 
878 99 0 
879 99 0 
880 99 0 
881 99 0 
882 99 0 
883 99 0 
884 99 0 
885 99 0 
886 99 0 
887 99 0 
888 99 0 
889 99 0 
890 99 0 
891 99 0 
892 99 0 
893 99 0 
894 99 0 
895 99 0 
896 99 0 
897 99 0 
898 99 0 
899 99 0 
900 99 0 
901 99 0 
902 99 0 
903 99 0 
904 99 0 
905 99 0 
906 99 0 
907 99 0 
908 99 0 
909 99 0 
910 99 0 
911 99 0 
912 100 0 
913 100 0 
914 100 0 
915 100 0 
916 100 0 
917 100 0 
918 100 0 
919 100 0 
920 100 0 
921 100 0 
922 100 0 
923 100 0 
924 100 0 
925 100 0 
926 100 0 
927 100 0 
928 100 0 
929 100 0 
930 100 0 
931 100 0 
932 100 0 
933 100 0 
934 100 0 
935 100 0 
936 100 0 
937 100 0 
938 101 0 
939 101 0 
940 101 0 
941 102 0 
942 102 0 
943 102 0 
944 103 0 
945 104 0 
946 104 0 
947 104 0 
948 104 0 
949 104 0 
950 104 0 
951 105 0 
952 105 0 
953 105 0 
954 105 0 
955 105 0 
956 105 0 
957 105 0 
958 106 0 
959 106 0 
960 106 0 
961 106 0 
962 106 0 
963 106 0 
964 106 0 
965 106 0 
966 106 0 
967 106 0 
968 106 0 
969 106 0 
970 106 0 
971 106 0 
972 106 0 
973 107 0 
974 107 0 
975 107 0 
976 107 0 
977 107 0 
978 107 0 
979 107 0 
980 107 0 
981 107 0 
982 107 0 
983 107 0 
984 107 0 
985 107 0 
986 107 0 
987 107 0 
988 107 0 
989 107 0 
990 107 0 
991 107 0 
992 107 0 
993 107 0 
994 107 0 
995 107 0 
996 107 0 
997 107 0 
998 107 0 
999 107 0 
1000 107 0 
1001 107 0 
