# frame +z -z 
0 0 0 
1 0 0 
2 0 0 
3 0 0 
4 0 0 
5 0 0 
6 0 0 
7 0 0 
8 0 0 
9 0 0 
10 0 0 
11 0 0 
12 0 0 
13 1 0 
14 2 0 
15 2 0 
16 2 0 
17 2 0 
18 3 0 
19 3 0 
20 3 0 
21 4 0 
22 4 0 
23 4 0 
24 4 0 
25 4 0 
26 4 0 
27 4 0 
28 4 0 
29 5 0 
30 5 0 
31 5 0 
32 5 0 
33 6 0 
34 6 0 
35 6 0 
36 6 0 
37 7 0 
38 7 0 
39 7 0 
40 7 0 
41 7 0 
42 7 0 
43 7 0 
44 7 0 
45 7 0 
46 7 0 
47 7 0 
48 7 0 
49 7 0 
50 7 0 
51 7 0 
52 7 0 
53 7 0 
54 7 0 
55 8 0 
56 8 0 
57 9 0 
58 9 0 
59 9 0 
60 10 0 
61 10 0 
62 11 0 
63 11 0 
64 11 0 
65 11 0 
66 11 0 
67 11 0 
68 11 0 
69 11 0 
70 11 0 
71 11 0 
72 11 0 
73 12 0 
74 12 0 
75 12 0 
76 12 0 
77 12 0 
78 12 0 
79 12 0 
80 12 0 
81 12 0 
82 12 0 
83 12 0 
84 12 0 
85 12 0 
86 12 0 
87 12 0 
88 12 0 
89 12 0 
90 12 0 
91 13 0 
92 13 0 
93 13 0 
94 13 0 
95 13 0 
96 13 0 
97 14 0 
98 14 0 
99 14 0 
100 14 0 
101 15 0 
102 15 0 
103 16 0 
104 16 0 
105 16 0 
106 17 0 
107 18 0 
108 18 0 
109 18 0 
110 18 0 
111 18 0 
112 18 0 
113 18 0 
114 18 0 
115 18 0 
116 19 0 
117 20 0 
118 20 0 
119 20 0 
120 21 0 
121 21 0 
122 22 0 
123 22 0 
124 22 0 
125 23 0 
126 23 0 
127 23 0 
128 23 0 
129 23 0 
130 23 0 
131 24 0 
132 24 0 
133 24 0 
134 24 0 
135 25 0 
136 25 0 
137 25 0 
138 25 0 
139 25 0 
140 26 0 
141 26 0 
142 26 0 
143 26 0 
144 26 0 
145 26 0 
146 26 0 
147 26 0 
148 26 0 
149 26 0 
150 27 0 
151 27 0 
152 27 0 
153 27 0 
154 27 0 
155 27 0 
156 27 0 
157 27 0 
158 27 0 
159 28 0 
160 28 0 
161 28 0 
162 28 0 
163 29 0 
164 29 0 
165 29 0 
166 29 0 
167 30 0 
168 30 0 
169 30 0 
170 30 0 
171 31 0 
172 31 0 
173 31 0 
174 32 0 
175 32 0 
176 33 0 
177 33 0 
178 33 0 
179 33 0 
180 33 0 
181 33 0 
182 33 0 
183 34 0 
184 35 0 
185 35 0 
186 35 0 
187 35 0 
188 35 0 
189 35 0 
190 35 0 
191 35 0 
192 35 0 
193 35 0 
194 35 0 
195 35 0 
196 36 0 
197 36 0 
198 36 0 
199 36 0 
200 36 0 
201 36 0 
202 36 0 
203 36 0 
204 36 0 
205 36 0 
206 36 0 
207 36 0 
208 36 0 
209 36 0 
210 36 0 
211 36 0 
212 36 0 
213 36 0 
214 36 0 
215 36 0 
216 37 0 
217 37 0 
218 37 0 
219 38 0 
220 38 0 
221 38 0 
222 38 0 
223 38 0 
224 38 0 
225 38 0 
226 38 0 
227 38 0 
228 38 0 
229 38 0 
230 39 0 
231 39 0 
232 39 0 
233 39 0 
234 39 0 
235 39 0 
236 39 0 
237 39 0 
238 39 0 
239 39 0 
240 39 0 
241 39 0 
242 39 0 
243 39 0 
244 39 0 
245 39 0 
246 39 0 
247 39 0 
248 39 0 
249 39 0 
250 39 0 
251 39 0 
252 39 0 
253 39 0 
254 39 0 
255 39 0 
256 39 0 
257 39 0 
258 39 0 
259 39 0 
260 39 0 
261 39 0 
262 40 0 
263 40 0 
264 40 0 
265 40 0 
266 40 0 
267 40 0 
268 40 0 
269 40 0 
270 40 0 
271 40 0 
272 40 0 
273 41 0 
274 41 0 
275 41 0 
276 41 0 
277 41 0 
278 41 0 
279 42 0 
280 42 0 
281 42 0 
282 42 0 
283 42 0 
284 42 0 
285 42 0 
286 42 0 
287 42 0 
288 42 0 
289 42 0 
290 42 0 
291 42 0 
292 42 0 
293 42 0 
294 42 0 
295 42 0 
296 42 0 
297 42 0 
298 42 0 
299 42 0 
300 42 0 
301 42 0 
302 42 0 
303 43 0 
304 43 0 
305 43 0 
306 43 0 
307 43 0 
308 43 0 
309 43 0 
310 43 0 
311 43 0 
312 43 0 
313 44 0 
314 44 0 
315 44 0 
316 44 0 
317 44 0 
318 44 0 
319 44 0 
320 44 0 
321 44 0 
322 45 0 
323 45 0 
324 45 0 
325 46 0 
326 46 0 
327 46 0 
328 46 0 
329 46 0 
330 46 0 
331 46 0 
332 46 0 
333 46 0 
334 47 0 
335 47 0 
336 47 0 
337 47 0 
338 47 0 
339 47 0 
340 47 0 
341 47 0 
342 47 0 
343 48 0 
344 48 0 
345 48 0 
346 48 0 
347 48 0 
348 48 0 
349 48 0 
350 48 0 
351 48 0 
352 48 0 
353 48 0 
354 48 0 
355 48 0 
356 48 0 
357 48 0 
358 48 0 
359 48 0 
360 48 0 
361 48 0 
362 48 0 
363 48 0 
364 48 0 
365 48 0 
366 48 0 
367 48 0 
368 49 0 
369 49 0 
370 49 0 
371 49 0 
372 49 0 
373 49 0 
374 50 0 
375 50 0 
376 50 0 
377 51 0 
378 51 0 
379 51 0 
380 51 0 
381 51 0 
382 52 0 
383 53 0 
384 54 0 
385 54 0 
386 54 0 
387 54 0 
388 54 0 
389 54 0 
390 55 0 
391 55 0 
392 56 0 
393 56 0 
394 56 0 
395 56 0 
396 57 0 
397 58 0 
398 58 0 
399 58 0 
400 59 0 
401 60 0 
402 60 0 
403 60 0 
404 60 0 
405 60 0 
406 60 0 
407 60 0 
408 60 0 
409 60 0 
410 61 0 
411 62 0 
412 62 0 
413 62 0 
414 62 0 
415 62 0 
416 63 0 
417 63 0 
418 63 0 
419 63 0 
420 63 0 
421 63 0 
422 63 0 
423 63 0 
424 63 0 
425 63 0 
426 63 0 
427 63 0 
428 63 0 
429 63 0 
430 63 0 
431 63 0 
432 63 0 
433 63 0 
434 63 0 
435 63 0 
436 63 0 
437 63 0 
438 64 0 
439 64 0 
440 65 0 
441 65 0 
442 65 0 
443 65 0 
444 66 0 
445 66 0 
446 66 0 
447 66 0 
448 66 0 
449 67 0 
450 67 0 
451 68 0 
452 68 0 
453 68 0 
454 68 0 
455 68 0 
456 68 0 
457 68 0 
458 68 0 
459 68 0 
460 68 0 
461 68 0 
462 68 0 
463 68 0 
464 68 0 
465 68 0 
466 68 0 
467 68 0 
468 68 0 
469 68 0 
470 68 0 
471 68 0 
472 68 0 
473 68 0 
474 68 0 
475 68 0 
476 68 0 
477 69 0 
478 69 0 
479 69 0 
480 69 0 
481 69 0 
482 69 0 
483 69 0 
484 69 0 
485 69 0 
486 69 0 
487 69 0 
488 69 0 
489 69 0 
490 70 0 
491 71 0 
492 71 0 
493 71 0 
494 71 0 
495 71 0 
496 72 0 
497 72 0 
498 72 0 
499 72 0 
500 72 0 
501 72 0 
502 72 0 
503 72 0 
504 72 0 
505 72 0 
506 72 0 
507 73 0 
508 73 0 
509 73 0 
510 73 0 
511 74 0 
512 74 0 
513 74 0 
514 75 0 
515 75 0 
516 75 0 
517 75 0 
518 75 0 
519 75 0 
520 75 0 
521 76 0 
522 76 0 
523 76 0 
524 76 0 
525 77 0 
526 77 0 
527 77 0 
528 77 0 
529 77 0 
530 77 0 
531 77 0 
532 77 0 
533 77 0 
534 79 0 
535 79 0 
536 79 0 
537 79 0 
538 79 0 
539 79 0 
540 79 0 
541 79 0 
542 79 0 
543 79 0 
544 79 0 
545 79 0 
546 79 0 
547 79 0 
548 79 0 
549 79 0 
550 80 0 
551 80 0 
552 80 0 
553 80 0 
554 80 0 
555 80 0 
556 80 0 
557 81 0 
558 81 0 
559 81 0 
560 81 0 
561 82 0 
562 82 0 
563 82 0 
564 82 0 
565 82 0 
566 83 0 
567 83 0 
568 83 0 
569 83 0 
570 83 0 
571 83 0 
572 84 0 
573 84 0 
574 84 0 
575 84 0 
576 84 0 
577 84 0 
578 84 0 
579 84 0 
580 84 0 
581 85 0 
582 86 0 
583 86 0 
584 86 0 
585 86 0 
586 86 0 
587 86 0 
588 86 0 
589 87 0 
590 87 0 
591 87 0 
592 88 0 
593 88 0 
594 88 0 
595 88 0 
596 88 0 
597 88 0 
598 88 0 
599 89 0 
600 91 0 
601 91 0 
602 91 0 
603 92 0 
604 92 0 
605 92 0 
606 93 0 
607 93 0 
608 93 0 
609 93 0 
610 93 0 
611 94 0 
612 94 0 
613 94 0 
614 94 0 
615 95 0 
616 95 0 
617 95 0 
618 96 0 
619 96 0 
620 96 0 
621 96 0 
622 97 0 
623 97 0 
624 97 0 
625 97 0 
626 97 0 
627 98 0 
628 98 0 
629 98 0 
630 99 0 
631 99 0 
632 99 0 
633 99 0 
634 99 0 
635 99 0 
636 99 0 
637 99 0 
638 99 0 
639 99 0 
640 99 0 
641 99 0 
642 99 0 
643 99 0 
644 99 0 
645 99 0 
646 99 0 
647 99 0 
648 99 0 
649 99 0 
650 99 0 
651 99 0 
652 99 0 
653 99 0 
654 99 0 
655 99 0 
656 99 0 
657 100 0 
658 100 0 
659 100 0 
660 100 0 
661 100 0 
662 100 0 
663 101 0 
664 101 0 
665 102 0 
666 102 0 
667 102 0 
668 102 0 
669 103 0 
670 103 0 
671 104 0 
672 104 0 
673 104 0 
674 104 0 
675 104 0 
676 104 0 
677 104 0 
678 104 0 
679 104 0 
680 104 0 
681 104 0 
682 104 0 
683 104 0 
684 104 0 
685 104 0 
686 104 0 
687 106 0 
688 106 0 
689 106 0 
690 106 0 
691 106 0 
692 106 0 
693 106 0 
694 106 0 
695 106 0 
696 106 0 
697 106 0 
698 106 0 
699 106 0 
700 106 0 
701 106 0 
702 106 0 
703 106 0 
704 106 0 
705 106 0 
706 106 0 
707 106 0 
708 106 0 
709 106 0 
710 106 0 
711 107 0 
712 107 0 
713 108 0 
714 108 0 
715 108 0 
716 108 0 
717 108 0 
718 108 0 
719 108 0 
720 108 0 
721 108 0 
722 108 0 
723 108 0 
724 108 0 
725 108 0 
726 108 0 
727 108 0 
728 108 0 
729 108 0 
730 108 0 
731 110 0 
732 110 0 
733 111 0 
734 111 0 
735 111 0 
736 111 0 
737 112 0 
738 112 0 
739 112 0 
740 112 0 
741 112 0 
742 112 0 
743 114 0 
744 114 0 
745 114 0 
746 114 0 
747 114 0 
748 114 0 
749 114 0 
750 114 0 
751 114 0 
752 114 0 
753 114 0 
754 114 0 
755 114 0 
756 114 0 
757 114 0 
758 115 0 
759 115 0 
760 115 0 
761 117 0 
762 117 0 
763 117 0 
764 118 0 
765 118 0 
766 118 0 
767 118 0 
768 118 0 
769 119 0 
770 119 0 
771 119 0 
772 119 0 
773 119 0 
774 119 0 
775 119 0 
776 120 0 
777 120 0 
778 120 0 
779 120 0 
780 120 0 
781 120 0 
782 120 0 
783 120 0 
784 120 0 
785 120 0 
786 120 0 
787 120 0 
788 120 0 
789 120 0 
790 120 0 
791 120 0 
792 120 0 
793 120 0 
794 120 0 
795 120 0 
796 120 0 
797 120 0 
798 120 0 
799 120 0 
800 120 0 
801 120 0 
802 120 0 
803 121 0 
804 121 0 
805 121 0 
806 121 0 
807 121 0 
808 121 0 
809 121 0 
810 121 0 
811 122 0 
812 122 0 
813 122 0 
814 122 0 
815 123 0 
816 123 0 
817 123 0 
818 123 0 
819 124 0 
820 124 0 
821 124 0 
822 124 0 
823 124 0 
824 124 0 
825 124 0 
826 124 0 
827 124 0 
828 124 0 
829 125 0 
830 125 0 
831 125 0 
832 125 0 
833 125 0 
834 125 0 
835 125 0 
836 125 0 
837 125 0 
838 125 0 
839 125 0 
840 125 0 
841 126 0 
842 126 0 
843 126 0 
844 126 0 
845 126 0 
846 127 0 
847 127 0 
848 127 0 
849 128 0 
850 128 0 
851 128 0 
852 128 0 
853 128 0 
854 128 0 
855 128 0 
856 128 0 
857 128 0 
858 128 0 
859 128 0 
860 128 0 
861 128 0 
862 128 0 
863 128 0 
864 128 0 
865 129 0 
866 129 0 
867 129 0 
868 129 0 
869 129 0 
870 129 0 
871 129 0 
872 129 0 
873 129 0 
874 129 0 
875 129 0 
876 129 0 
877 129 0 
878 129 0 
879 129 0 
880 129 0 
881 129 0 
882 129 0 
883 129 0 
884 129 0 
885 129 0 
886 130 0 
887 130 0 
888 130 0 
889 130 0 
890 130 0 
891 130 0 
892 130 0 
893 130 0 
894 130 0 
895 130 0 
896 130 0 
897 130 0 
898 130 0 
899 130 0 
900 130 0 
901 130 0 
902 130 0 
903 130 0 
904 130 0 
905 130 0 
906 130 0 
907 130 0 
908 130 0 
909 130 0 
910 130 0 
911 131 0 
912 131 0 
913 131 0 
914 131 0 
915 133 0 
916 133 0 
917 133 0 
918 133 0 
919 133 0 
920 134 0 
921 134 0 
922 134 0 
923 134 0 
924 134 0 
925 134 0 
926 134 0 
927 134 0 
928 135 0 
929 135 0 
930 135 0 
931 135 0 
932 135 0 
933 135 0 
934 135 0 
935 135 0 
936 135 0 
937 136 0 
938 136 0 
939 136 0 
940 136 0 
941 136 0 
942 136 0 
943 137 0 
944 137 0 
945 137 0 
946 138 0 
947 138 0 
948 138 0 
949 138 0 
950 138 0 
951 138 0 
952 138 0 
953 138 0 
954 139 0 
955 139 0 
956 139 0 
957 139 0 
958 139 0 
959 139 0 
960 139 0 
961 140 0 
962 140 0 
963 140 0 
964 141 0 
965 141 0 
966 141 0 
967 141 0 
968 141 0 
969 141 0 
970 141 0 
971 142 0 
972 142 0 
973 142 0 
974 142 0 
975 143 0 
976 143 0 
977 143 0 
978 143 0 
979 143 0 
980 143 0 
981 143 0 
982 143 0 
983 143 0 
984 143 0 
985 144 0 
986 144 0 
987 144 0 
988 144 0 
989 144 0 
990 144 0 
991 144 0 
992 144 0 
993 144 0 
994 144 0 
995 144 0 
996 144 0 
997 144 0 
998 144 0 
999 144 0 
1000 144 0 
