# frame +z -z 
0 0 0 
1 0 0 
2 0 0 
3 0 0 
4 0 0 
5 0 0 
6 0 0 
7 0 0 
8 0 0 
9 0 0 
10 0 0 
11 0 0 
12 0 0 
13 2 0 
14 2 0 
15 2 0 
16 2 0 
17 2 0 
18 2 0 
19 2 0 
20 3 0 
21 3 0 
22 3 0 
23 3 0 
24 3 0 
25 3 0 
26 3 0 
27 4 0 
28 4 0 
29 4 0 
30 4 0 
31 4 0 
32 4 0 
33 4 0 
34 5 0 
35 5 0 
36 5 0 
37 5 0 
38 6 0 
39 6 0 
40 6 0 
41 7 0 
42 9 0 
43 9 0 
44 9 0 
45 9 0 
46 9 0 
47 10 0 
48 11 0 
49 11 0 
50 12 0 
51 12 0 
52 12 0 
53 12 0 
54 13 0 
55 13 0 
56 14 0 
57 14 0 
58 14 0 
59 14 0 
60 15 0 
61 15 0 
62 15 0 
63 15 0 
64 15 0 
65 15 0 
66 15 0 
67 15 0 
68 15 0 
69 15 0 
70 16 0 
71 16 0 
72 16 0 
73 17 0 
74 18 0 
75 19 0 
76 19 0 
77 19 0 
78 19 0 
79 19 0 
80 19 0 
81 19 0 
82 19 0 
83 19 0 
84 19 0 
85 19 0 
86 19 0 
87 19 0 
88 20 0 
89 21 0 
90 21 0 
91 21 0 
92 21 0 
93 21 0 
94 21 0 
95 21 0 
96 21 0 
97 21 0 
98 21 0 
99 21 0 
100 22 0 
101 22 0 
102 22 0 
103 22 0 
104 22 0 
105 22 0 
106 22 0 
107 22 0 
108 23 0 
109 23 0 
110 23 0 
111 23 0 
112 23 0 
113 23 0 
114 23 0 
115 23 0 
116 24 0 
117 24 0 
118 24 0 
119 24 0 
120 25 0 
121 25 0 
122 26 0 
123 26 0 
124 27 0 
125 27 0 
126 27 0 
127 27 0 
128 27 0 
129 27 0 
130 28 0 
131 28 0 
132 28 0 
133 28 0 
134 28 0 
135 28 0 
136 28 0 
137 28 0 
138 28 0 
139 28 0 
140 28 0 
141 29 0 
142 29 0 
143 29 0 
144 29 0 
145 29 0 
146 30 0 
147 30 0 
148 30 0 
149 30 0 
150 30 0 
151 31 0 
152 31 0 
153 31 0 
154 31 0 
155 31 0 
156 31 0 
157 32 0 
158 32 0 
159 32 0 
160 32 0 
161 32 0 
162 32 0 
163 33 0 
164 33 0 
165 33 0 
166 33 0 
167 33 0 
168 33 0 
169 33 0 
170 33 0 
171 34 0 
172 34 0 
173 34 0 
174 34 0 
175 34 0 
176 34 0 
177 34 0 
178 35 0 
179 35 0 
180 35 0 
181 35 0 
182 35 0 
183 35 0 
184 35 0 
185 35 0 
186 36 0 
187 36 0 
188 36 0 
189 36 0 
190 36 0 
191 36 0 
192 36 0 
193 36 0 
194 36 0 
195 36 0 
196 36 0 
197 36 0 
198 36 0 
199 37 0 
200 37 0 
201 37 0 
202 37 0 
203 38 0 
204 38 0 
205 38 0 
206 38 0 
207 38 0 
208 38 0 
209 38 0 
210 38 0 
211 38 0 
212 39 0 
213 39 0 
214 39 0 
215 39 0 
216 39 0 
217 39 0 
218 39 0 
219 40 0 
220 40 0 
221 40 0 
222 40 0 
223 41 0 
224 42 0 
225 42 0 
226 42 0 
227 42 0 
228 42 0 
229 43 0 
230 43 0 
231 43 0 
232 43 0 
233 43 0 
234 43 0 
235 45 0 
236 45 0 
237 45 0 
238 45 0 
239 45 0 
240 45 0 
241 45 0 
242 46 0 
243 46 0 
244 46 0 
245 46 0 
246 46 0 
247 46 0 
248 46 0 
249 47 0 
250 47 0 
251 47 0 
252 47 0 
253 47 0 
254 47 0 
255 47 0 
256 47 0 
257 47 0 
258 47 0 
259 47 0 
260 47 0 
261 47 0 
262 47 0 
263 47 0 
264 47 0 
265 47 0 
266 47 0 
267 48 0 
268 48 0 
269 48 0 
270 48 0 
271 48 0 
272 48 0 
273 48 0 
274 49 0 
275 49 0 
276 49 0 
277 50 0 
278 50 0 
279 50 0 
280 51 0 
281 51 0 
282 51 0 
283 51 0 
284 51 0 
285 51 0 
286 52 0 
287 52 0 
288 52 0 
289 52 0 
290 52 0 
291 52 0 
292 53 0 
293 53 0 
294 53 0 
295 53 0 
296 53 0 
297 54 0 
298 54 0 
299 54 0 
300 54 0 
301 54 0 
302 54 0 
303 55 0 
304 55 0 
305 55 0 
306 55 0 
307 55 0 
308 55 0 
309 55 0 
310 56 0 
311 56 0 
312 56 0 
313 57 0 
314 57 0 
315 57 0 
316 57 0 
317 57 0 
318 57 0 
319 57 0 
320 57 0 
321 57 0 
322 57 0 
323 57 0 
324 57 0 
325 57 0 
326 58 0 
327 58 0 
328 58 0 
329 59 0 
330 59 0 
331 59 0 
332 59 0 
333 59 0 
334 59 0 
335 60 0 
336 60 0 
337 60 0 
338 60 0 
339 60 0 
340 60 0 
341 60 0 
342 60 0 
343 60 0 
344 61 0 
345 62 0 
346 63 0 
347 63 0 
348 63 0 
349 63 0 
350 63 0 
351 63 0 
352 64 0 
353 64 0 
354 64 0 
355 64 0 
356 64 0 
357 64 0 
358 64 0 
359 64 0 
360 64 0 
361 64 0 
362 64 0 
363 64 0 
364 64 0 
365 64 0 
366 64 0 
367 64 0 
368 64 0 
369 64 0 
370 64 0 
371 64 0 
372 64 0 
373 64 0 
374 66 0 
375 67 0 
376 67 0 
377 67 0 
378 67 0 
379 67 0 
380 68 0 
381 68 0 
382 68 0 
383 68 0 
384 68 0 
385 68 0 
386 68 0 
387 68 0 
388 68 0 
389 68 0 
390 68 0 
391 69 0 
392 69 0 
393 69 0 
394 69 0 
395 70 0 
396 70 0 
397 70 0 
398 70 0 
399 70 0 
400 70 0 
401 70 0 
402 71 0 
403 71 0 
404 72 0 
405 72 0 
406 72 0 
407 73 0 
408 73 0 
409 73 0 
410 74 0 
411 74 0 
412 74 0 
413 74 0 
414 74 0 
415 74 0 
416 74 0 
417 74 0 
418 74 0 
419 74 0 
420 74 0 
421 74 0 
422 74 0 
423 74 0 
424 74 0 
425 74 0 
426 74 0 
427 74 0 
428 74 0 
429 74 0 
430 74 0 
431 74 0 
432 74 0 
433 74 0 
434 75 0 
435 75 0 
436 75 0 
437 75 0 
438 76 0 
439 77 0 
440 77 0 
441 77 0 
442 77 0 
443 77 0 
444 78 0 
445 78 0 
446 78 0 
447 78 0 
448 78 0 
449 78 0 
450 78 0 
451 78 0 
452 78 0 
453 78 0 
454 78 0 
455 78 0 
456 78 0 
457 79 0 
458 79 0 
459 80 0 
460 80 0 
461 80 0 
462 80 0 
463 81 0 
464 81 0 
465 81 0 
466 81 0 
467 81 0 
468 81 0 
469 81 0 
470 81 0 
471 82 0 
472 82 0 
473 82 0 
474 82 0 
475 82 0 
476 82 0 
477 82 0 
478 82 0 
479 82 0 
480 83 0 
481 84 0 
482 84 0 
483 84 0 
484 84 0 
485 84 0 
486 84 0 
487 84 0 
488 84 0 
489 84 0 
490 84 0 
491 84 0 
492 84 0 
493 84 0 
494 84 0 
495 84 0 
496 84 0 
497 85 0 
498 85 0 
499 85 0 
500 85 0 
501 85 0 
502 85 0 
503 85 0 
504 85 0 
505 85 0 
506 85 0 
507 86 0 
508 86 0 
509 86 0 
510 87 0 
511 87 0 
512 87 0 
513 87 0 
514 87 0 
515 88 0 
516 89 0 
517 89 0 
518 89 0 
519 89 0 
520 89 0 
521 89 0 
522 90 0 
523 91 0 
524 91 0 
525 91 0 
526 91 0 
527 91 0 
528 91 0 
529 91 0 
530 91 0 
531 91 0 
532 91 0 
533 91 0 
534 91 0 
535 91 0 
536 91 0 
537 91 0 
538 91 0 
539 92 0 
540 92 0 
541 93 0 
542 93 0 
543 93 0 
544 93 0 
545 93 0 
546 93 0 
547 93 0 
548 93 0 
549 93 0 
550 93 0 
551 93 0 
552 93 0 
553 93 0 
554 94 0 
555 94 0 
556 94 0 
557 94 0 
558 94 0 
559 94 0 
560 95 0 
561 95 0 
562 95 0 
563 95 0 
564 95 0 
565 95 0 
566 95 0 
567 95 0 
568 95 0 
569 95 0 
570 95 0 
571 95 0 
572 95 0 
573 95 0 
574 95 0 
575 95 0 
576 95 0 
577 95 0 
578 95 0 
579 95 0 
580 96 0 
581 96 0 
582 96 0 
583 96 0 
584 96 0 
585 96 0 
586 96 0 
587 96 0 
588 97 0 
589 97 0 
590 97 0 
591 97 0 
592 97 0 
593 97 0 
594 97 0 
595 97 0 
596 97 0 
597 97 0 
598 98 0 
599 98 0 
600 98 0 
601 98 0 
602 98 0 
603 98 0 
604 98 0 
605 98 0 
606 99 0 
607 100 0 
608 100 0 
609 100 0 
610 101 0 
611 101 0 
612 101 0 
613 102 0 
614 102 0 
615 102 0 
616 102 0 
617 102 0 
618 102 0 
619 103 0 
620 103 0 
621 103 0 
622 103 0 
623 103 0 
624 103 0 
625 103 0 
626 103 0 
627 103 0 
628 103 0 
629 103 0 
630 103 0 
631 104 0 
632 104 0 
633 104 0 
634 104 0 
635 105 0 
636 105 0 
637 105 0 
638 106 0 
639 106 0 
640 106 0 
641 106 0 
642 106 0 
643 106 0 
644 106 0 
645 106 0 
646 106 0 
647 106 0 
648 106 0 
649 107 0 
650 107 0 
651 107 0 
652 108 0 
653 108 0 
654 108 0 
655 108 0 
656 108 0 
657 108 0 
658 108 0 
659 108 0 
660 108 0 
661 108 0 
662 108 0 
663 108 0 
664 108 0 
665 108 0 
666 108 0 
667 108 0 
668 108 0 
669 108 0 
670 108 0 
671 108 0 
672 108 0 
673 108 0 
674 108 0 
675 108 0 
676 108 0 
677 108 0 
678 108 0 
679 108 0 
680 108 0 
681 108 0 
682 108 0 
683 108 0 
684 108 0 
685 108 0 
686 108 0 
687 108 0 
688 109 0 
689 109 0 
690 109 0 
691 109 0 
692 109 0 
693 109 0 
694 109 0 
695 109 0 
696 110 0 
697 110 0 
698 110 0 
699 110 0 
700 110 0 
701 111 0 
702 111 0 
703 111 0 
704 111 0 
705 111 0 
706 111 0 
707 111 0 
708 111 0 
709 113 0 
710 113 0 
711 113 0 
712 113 0 
713 113 0 
714 113 0 
715 113 0 
716 113 0 
717 113 0 
718 113 0 
719 114 0 
720 114 0 
721 114 0 
722 114 0 
723 114 0 
724 114 0 
725 114 0 
726 115 0 
727 115 0 
728 115 0 
729 115 0 
730 115 0 
731 115 0 
732 115 0 
733 115 0 
734 115 0 
735 116 0 
736 116 0 
737 116 0 
738 116 0 
739 116 0 
740 117 0 
741 117 0 
742 117 0 
743 117 0 
744 117 0 
745 117 0 
746 118 0 
747 118 0 
748 118 0 
749 118 0 
750 118 0 
751 118 0 
752 118 0 
753 118 0 
754 118 0 
755 119 0 
756 119 0 
757 119 0 
758 119 0 
759 119 0 
760 119 0 
761 119 0 
762 119 0 
763 119 0 
764 119 0 
765 119 0 
766 119 0 
767 119 0 
768 119 0 
769 119 0 
770 119 0 
771 119 0 
772 120 0 
773 120 0 
774 120 0 
775 120 0 
776 120 0 
777 120 0 
778 120 0 
779 120 0 
780 121 0 
781 121 0 
782 121 0 
783 121 0 
784 121 0 
785 121 0 
786 121 0 
787 121 0 
788 121 0 
789 122 0 
790 122 0 
791 122 0 
792 122 0 
793 122 0 
794 122 0 
795 122 0 
796 122 0 
797 122 0 
798 122 0 
799 122 0 
800 122 0 
801 123 0 
802 123 0 
803 123 0 
804 123 0 
805 123 0 
806 123 0 
807 123 0 
808 123 0 
809 123 0 
810 123 0 
811 123 0 
812 124 0 
813 124 0 
814 124 0 
815 124 0 
816 125 0 
817 125 0 
818 125 0 
819 125 0 
820 125 0 
821 126 0 
822 127 0 
823 127 0 
824 127 0 
825 127 0 
826 129 0 
827 129 0 
828 129 0 
829 129 0 
830 129 0 
831 129 0 
832 129 0 
833 130 0 
834 130 0 
835 130 0 
836 130 0 
837 130 0 
838 131 0 
839 131 0 
840 131 0 
841 131 0 
842 132 0 
843 132 0 
844 132 0 
845 132 0 
846 132 0 
847 132 0 
848 132 0 
849 132 0 
850 132 0 
851 132 0 
852 132 0 
853 133 0 
854 133 0 
855 133 0 
856 133 0 
857 133 0 
858 134 0 
859 134 0 
860 134 0 
861 134 0 
862 134 0 
863 134 0 
864 134 0 
865 134 0 
866 134 0 
867 134 0 
868 134 0 
869 134 0 
870 134 0 
871 134 0 
872 134 0 
873 134 0 
874 135 0 
875 135 0 
876 135 0 
877 135 0 
878 135 0 
879 135 0 
880 135 0 
881 135 0 
882 135 0 
883 135 0 
884 135 0 
885 135 0 
886 135 0 
887 135 0 
888 135 0 
889 135 0 
890 135 0 
891 135 0 
892 135 0 
893 135 0 
894 136 0 
895 137 0 
896 137 0 
897 137 0 
898 137 0 
899 137 0 
900 137 0 
901 137 0 
902 137 0 
903 137 0 
904 137 0 
905 137 0 
906 137 0 
907 137 0 
908 137 0 
909 137 0 
910 137 0 
911 138 0 
912 138 0 
913 138 0 
914 138 0 
915 138 0 
916 139 0 
917 139 0 
918 139 0 
919 139 0 
920 139 0 
921 139 0 
922 140 0 
923 140 0 
924 140 0 
925 140 0 
926 140 0 
927 141 0 
928 141 0 
929 141 0 
930 141 0 
931 141 0 
932 141 0 
933 141 0 
934 141 0 
935 141 0 
936 141 0 
937 141 0 
938 141 0 
939 141 0 
940 141 0 
941 141 0 
942 141 0 
943 141 0 
944 142 0 
945 142 0 
946 143 0 
947 144 0 
948 144 0 
949 144 0 
950 145 0 
951 145 0 
952 145 0 
953 145 0 
954 145 0 
955 146 0 
956 146 0 
957 146 0 
958 146 0 
959 147 0 
960 147 0 
961 147 0 
962 147 0 
963 147 0 
964 147 0 
965 149 0 
966 149 0 
967 149 0 
968 149 0 
969 149 0 
970 149 0 
971 149 0 
972 149 0 
973 149 0 
974 149 0 
975 150 0 
976 150 0 
977 150 0 
978 150 0 
979 151 0 
980 151 0 
981 151 0 
982 151 0 
983 151 0 
984 151 0 
985 151 0 
986 152 0 
987 153 0 
988 154 0 
989 154 0 
990 154 0 
991 154 0 
992 155 0 
993 155 0 
994 155 0 
995 155 0 
996 155 0 
997 156 0 
998 156 0 
999 156 0 
1000 156 0 
