# frame +z -z 
0 0 0 
1 0 0 
2 0 0 
3 0 0 
4 0 0 
5 0 0 
6 0 0 
7 0 0 
8 0 0 
9 0 0 
10 0 0 
11 0 0 
12 0 0 
13 0 0 
14 0 0 
15 0 0 
16 0 0 
17 0 0 
18 0 0 
19 0 0 
20 1 0 
21 1 0 
22 1 0 
23 1 0 
24 1 0 
25 2 0 
26 2 0 
27 2 0 
28 3 0 
29 3 0 
30 3 0 
31 3 0 
32 3 0 
33 3 0 
34 4 0 
35 5 0 
36 5 0 
37 5 0 
38 5 0 
39 5 0 
40 6 0 
41 6 0 
42 6 0 
43 6 0 
44 6 0 
45 6 0 
46 6 0 
47 7 0 
48 7 0 
49 8 0 
50 8 0 
51 8 0 
52 9 0 
53 9 0 
54 9 0 
55 9 0 
56 9 0 
57 9 0 
58 10 0 
59 10 0 
60 10 0 
61 10 0 
62 10 0 
63 10 0 
64 10 0 
65 10 0 
66 10 0 
67 10 0 
68 10 0 
69 10 0 
70 10 0 
71 10 0 
72 10 0 
73 10 0 
74 10 0 
75 10 0 
76 10 0 
77 10 0 
78 11 0 
79 12 0 
80 12 0 
81 12 0 
82 12 0 
83 12 0 
84 12 0 
85 12 0 
86 12 0 
87 12 0 
88 12 0 
89 12 0 
90 12 0 
91 12 0 
92 12 0 
93 13 0 
94 13 0 
95 13 0 
96 14 0 
97 15 0 
98 16 0 
99 16 0 
100 16 0 
101 16 0 
102 16 0 
103 16 0 
104 16 0 
105 17 0 
106 17 0 
107 17 0 
108 17 0 
109 18 0 
110 18 0 
111 18 0 
112 18 0 
113 18 0 
114 18 0 
115 18 0 
116 18 0 
117 18 0 
118 18 0 
119 18 0 
120 19 0 
121 19 0 
122 19 0 
123 19 0 
124 19 0 
125 19 0 
126 19 0 
127 19 0 
128 19 0 
129 19 0 
130 19 0 
131 20 0 
132 21 0 
133 21 0 
134 21 0 
135 21 0 
136 21 0 
137 21 0 
138 22 0 
139 22 0 
140 23 0 
141 23 0 
142 23 0 
143 23 0 
144 23 0 
145 24 0 
146 24 0 
147 25 0 
148 25 0 
149 25 0 
150 26 0 
151 26 0 
152 26 0 
153 26 0 
154 26 0 
155 26 0 
156 26 0 
157 26 0 
158 27 0 
159 27 0 
160 27 0 
161 27 0 
162 27 0 
163 28 0 
164 28 0 
165 28 0 
166 28 0 
167 28 0 
168 29 0 
169 29 0 
170 29 0 
171 29 0 
172 30 0 
173 30 0 
174 31 0 
175 31 0 
176 31 0 
177 31 0 
178 31 0 
179 32 0 
180 32 0 
181 32 0 
182 32 0 
183 32 0 
184 32 0 
185 32 0 
186 32 0 
187 32 0 
188 32 0 
189 32 0 
190 33 0 
191 33 0 
192 33 0 
193 33 0 
194 34 0 
195 34 0 
196 34 0 
197 34 0 
198 34 0 
199 34 0 
200 34 0 
201 35 0 
202 35 0 
203 37 0 
204 37 0 
205 37 0 
206 37 0 
207 39 0 
208 39 0 
209 39 0 
210 39 0 
211 39 0 
212 40 0 
213 40 0 
214 40 0 
215 41 0 
216 41 0 
217 41 0 
218 41 0 
219 41 0 
220 41 0 
221 41 0 
222 41 0 
223 41 0 
224 41 0 
225 41 0 
226 41 0 
227 41 0 
228 41 0 
229 41 0 
230 41 0 
231 41 0 
232 41 0 
233 41 0 
234 41 0 
235 41 0 
236 41 0 
237 41 0 
238 41 0 
239 41 0 
240 41 0 
241 41 0 
242 41 0 
243 41 0 
244 41 0 
245 41 0 
246 41 0 
247 41 0 
248 41 0 
249 41 0 
250 41 0 
251 42 0 
252 42 0 
253 42 0 
254 42 0 
255 42 0 
256 43 0 
257 43 0 
258 44 0 
259 44 0 
260 44 0 
261 44 0 
262 45 0 
263 45 0 
264 46 0 
265 46 0 
266 46 0 
267 46 0 
268 46 0 
269 47 0 
270 47 0 
271 47 0 
272 47 0 
273 47 0 
274 47 0 
275 47 0 
276 47 0 
277 47 0 
278 47 0 
279 47 0 
280 48 0 
281 48 0 
282 48 0 
283 48 0 
284 48 0 
285 48 0 
286 48 0 
287 48 0 
288 48 0 
289 48 0 
290 48 0 
291 48 0 
292 49 0 
293 49 0 
294 49 0 
295 49 0 
296 49 0 
297 50 0 
298 50 0 
299 50 0 
300 50 0 
301 50 0 
302 51 0 
303 52 0 
304 52 0 
305 52 0 
306 52 0 
307 52 0 
308 52 0 
309 52 0 
310 52 0 
311 53 0 
312 53 0 
313 53 0 
314 54 0 
315 54 0 
316 54 0 
317 54 0 
318 54 0 
319 54 0 
320 54 0 
321 54 0 
322 54 0 
323 54 0 
324 54 0 
325 54 0 
326 54 0 
327 54 0 
328 54 0 
329 54 0 
330 54 0 
331 54 0 
332 54 0 
333 54 0 
334 54 0 
335 54 0 
336 54 0 
337 54 0 
338 54 0 
339 54 0 
340 54 0 
341 54 0 
342 54 0 
343 54 0 
344 54 0 
345 54 0 
346 54 0 
347 54 0 
348 55 0 
349 56 0 
350 56 0 
351 56 0 
352 56 0 
353 56 0 
354 56 0 
355 57 0 
356 57 0 
357 57 0 
358 57 0 
359 57 0 
360 57 0 
361 59 0 
362 59 0 
363 60 0 
364 61 0 
365 61 0 
366 61 0 
367 61 0 
368 61 0 
369 61 0 
370 61 0 
371 61 0 
372 61 0 
373 61 0 
374 61 0 
375 61 0 
376 61 0 
377 62 0 
378 62 0 
379 62 0 
380 62 0 
381 62 0 
382 62 0 
383 62 0 
384 62 0 
385 62 0 
386 62 0 
387 62 0 
388 62 0 
389 62 0 
390 62 0 
391 62 0 
392 62 0 
393 62 0 
394 62 0 
395 62 0 
396 62 0 
397 62 0 
398 62 0 
399 63 0 
400 63 0 
401 63 0 
402 63 0 
403 63 0 
404 64 0 
405 64 0 
406 65 0 
407 65 0 
408 65 0 
409 66 0 
410 66 0 
411 66 0 
412 66 0 
413 66 0 
414 66 0 
415 66 0 
416 66 0 
417 66 0 
418 67 0 
419 67 0 
420 67 0 
421 68 0 
422 68 0 
423 68 0 
424 68 0 
425 68 0 
426 68 0 
427 68 0 
428 68 0 
429 69 0 
430 69 0 
431 69 0 
432 69 0 
433 69 0 
434 70 0 
435 70 0 
436 70 0 
437 70 0 
438 70 0 
439 71 0 
440 71 0 
441 71 0 
442 71 0 
443 71 0 
444 72 0 
445 72 0 
446 72 0 
447 72 0 
448 73 0 
449 73 0 
450 73 0 
451 73 0 
452 73 0 
453 73 0 
454 74 0 
455 74 0 
456 74 0 
457 74 0 
458 74 0 
459 74 0 
460 74 0 
461 74 0 
462 74 0 
463 74 0 
464 75 0 
465 75 0 
466 75 0 
467 75 0 
468 75 0 
469 76 0 
470 76 0 
471 76 0 
472 76 0 
473 76 0 
474 76 0 
475 76 0 
476 76 0 
477 76 0 
478 77 0 
479 77 0 
480 77 0 
481 77 0 
482 77 0 
483 77 0 
484 77 0 
485 78 0 
486 78 0 
487 78 0 
488 78 0 
489 78 0 
490 78 0 
491 78 0 
492 79 0 
493 80 0 
494 80 0 
495 80 0 
496 80 0 
497 81 0 
498 81 0 
499 81 0 
500 81 0 
501 81 0 
502 81 0 
503 82 0 
504 82 0 
505 83 0 
506 83 0 
507 83 0 
508 83 0 
509 83 0 
510 83 0 
511 84 0 
512 84 0 
513 84 0 
514 85 0 
515 85 0 
516 85 0 
517 85 0 
518 85 0 
519 85 0 
520 85 0 
521 85 0 
522 86 0 
523 86 0 
524 86 0 
525 86 0 
526 86 0 
527 87 0 
528 87 0 
529 87 0 
530 88 0 
531 88 0 
532 88 0 
533 88 0 
534 89 0 
535 89 0 
536 89 0 
537 90 0 
538 90 0 
539 90 0 
540 90 0 
541 90 0 
542 90 0 
543 90 0 
544 90 0 
545 90 0 
546 91 0 
547 92 0 
548 93 0 
549 93 0 
550 93 0 
551 93 0 
552 93 0 
553 93 0 
554 93 0 
555 93 0 
556 94 0 
557 94 0 
558 94 0 
559 95 0 
560 95 0 
561 95 0 
562 95 0 
563 95 0 
564 95 0 
565 95 0 
566 95 0 
567 95 0 
568 95 0 
569 96 0 
570 97 0 
571 97 0 
572 97 0 
573 97 0 
574 97 0 
575 97 0 
576 97 0 
577 98 0 
578 98 0 
579 98 0 
580 98 0 
581 99 0 
582 99 0 
583 99 0 
584 101 0 
585 101 0 
586 101 0 
587 101 0 
588 101 0 
589 102 0 
590 102 0 
591 102 0 
592 102 0 
593 102 0 
594 102 0 
595 102 0 
596 102 0 
597 103 0 
598 103 0 
599 103 0 
600 103 0 
601 103 0 
602 103 0 
603 103 0 
604 104 0 
605 104 0 
606 104 0 
607 104 0 
608 104 0 
609 104 0 
610 104 0 
611 104 0 
612 104 0 
613 104 0 
614 104 0 
615 104 0 
616 104 0 
617 104 0 
618 104 0 
619 104 0 
620 104 0 
621 104 0 
622 104 0 
623 104 0 
624 104 0 
625 104 0 
626 104 0 
627 104 0 
628 104 0 
629 104 0 
630 104 0 
631 105 0 
632 105 0 
633 105 0 
634 105 0 
635 105 0 
636 105 0 
637 105 0 
638 105 0 
639 105 0 
640 106 0 
641 106 0 
642 106 0 
643 106 0 
644 107 0 
645 108 0 
646 108 0 
647 108 0 
648 108 0 
649 108 0 
650 108 0 
651 109 0 
652 109 0 
653 109 0 
654 109 0 
655 109 0 
656 109 0 
657 109 0 
658 109 0 
659 109 0 
660 109 0 
661 109 0 
662 109 0 
663 109 0 
664 109 0 
665 109 0 
666 110 0 
667 110 0 
668 111 0 
669 111 0 
670 111 0 
671 112 0 
672 113 0 
673 113 0 
674 113 0 
675 113 0 
676 113 0 
677 114 0 
678 114 0 
679 114 0 
680 114 0 
681 114 0 
682 114 0 
683 114 0 
684 114 0 
685 114 0 
686 115 0 
687 115 0 
688 115 0 
689 115 0 
690 115 0 
691 115 0 
692 115 0 
693 115 0 
694 115 0 
695 115 0 
696 115 0 
697 115 0 
698 116 0 
699 116 0 
700 116 0 
701 116 0 
702 116 0 
703 116 0 
704 116 0 
705 116 0 
706 117 0 
707 117 0 
708 117 0 
709 117 0 
710 118 0 
711 118 0 
712 118 0 
713 118 0 
714 118 0 
715 118 0 
716 118 0 
717 118 0 
718 118 0 
719 118 0 
720 118 0 
721 118 0 
722 119 0 
723 119 0 
724 119 0 
725 119 0 
726 120 0 
727 120 0 
728 120 0 
729 120 0 
730 120 0 
731 120 0 
732 120 0 
733 120 0 
734 120 0 
735 120 0 
736 120 0 
737 121 0 
738 121 0 
739 121 0 
740 122 0 
741 122 0 
742 123 0 
743 124 0 
744 124 0 
745 124 0 
746 125 0 
747 125 0 
748 125 0 
749 125 0 
750 125 0 
751 125 0 
752 125 0 
753 125 0 
754 125 0 
755 125 0 
756 125 0 
757 125 0 
758 126 0 
759 126 0 
760 126 0 
761 126 0 
762 126 0 
763 126 0 
764 126 0 
765 126 0 
766 126 0 
767 126 0 
768 126 0 
769 127 0 
770 127 0 
771 127 0 
772 127 0 
773 127 0 
774 127 0 
775 127 0 
776 127 0 
777 127 0 
778 127 0 
779 127 0 
780 127 0 
781 128 0 
782 128 0 
783 128 0 
784 128 0 
785 129 0 
786 129 0 
787 129 0 
788 129 0 
789 130 0 
790 131 0 
791 131 0 
792 131 0 
793 131 0 
794 131 0 
795 131 0 
796 131 0 
797 131 0 
798 131 0 
799 131 0 
800 131 0 
801 132 0 
802 132 0 
803 132 0 
804 132 0 
805 132 0 
806 132 0 
807 132 0 
808 132 0 
809 132 0 
810 132 0 
811 132 0 
812 133 0 
813 133 0 
814 133 0 
815 133 0 
816 133 0 
817 133 0 
818 134 0 
819 134 0 
820 134 0 
821 134 0 
822 134 0 
823 134 0 
824 134 0 
825 134 0 
826 134 0 
827 134 0 
828 134 0 
829 134 0 
830 134 0 
831 134 0 
832 134 0 
833 134 0 
834 134 0 
835 134 0 
836 134 0 
837 134 0 
838 135 0 
839 135 0 
840 136 0 
841 136 0 
842 136 0 
843 136 0 
844 136 0 
845 137 0 
846 137 0 
847 137 0 
848 137 0 
849 137 0 
850 137 0 
851 137 0 
852 137 0 
853 137 0 
854 138 0 
855 138 0 
856 138 0 
857 138 0 
858 138 0 
859 138 0 
860 138 0 
861 138 0 
862 138 0 
863 138 0 
864 138 0 
865 139 0 
866 139 0 
867 139 0 
868 139 0 
869 140 0 
870 140 0 
871 140 0 
872 140 0 
873 140 0 
874 140 0 
875 140 0 
876 140 0 
877 141 0 
878 141 0 
879 141 0 
880 141 0 
881 141 0 
882 141 0 
883 142 0 
884 142 0 
885 142 0 
886 142 0 
887 142 0 
888 142 0 
889 143 0 
890 143 0 
891 143 0 
892 143 0 
893 143 0 
894 143 0 
895 143 0 
896 143 0 
897 143 0 
898 143 0 
899 143 0 
900 144 0 
901 144 0 
902 144 0 
903 145 0 
904 145 0 
905 145 0 
906 145 0 
907 145 0 
908 147 0 
909 147 0 
910 147 0 
911 147 0 
912 147 0 
913 147 0 
914 147 0 
915 147 0 
916 147 0 
917 147 0 
918 147 0 
919 148 0 
920 148 0 
921 148 0 
922 148 0 
923 148 0 
924 149 0 
925 149 0 
926 149 0 
927 149 0 
928 149 0 
929 150 0 
930 150 0 
931 150 0 
932 150 0 
933 152 0 
934 152 0 
935 152 0 
936 152 0 
937 152 0 
938 154 0 
939 154 0 
940 154 0 
941 154 0 
942 155 0 
943 156 0 
944 156 0 
945 156 0 
946 157 0 
947 157 0 
948 157 0 
949 157 0 
950 157 0 
951 157 0 
952 157 0 
953 157 0 
954 158 0 
955 158 0 
956 158 0 
957 158 0 
958 158 0 
959 159 0 
960 159 0 
961 159 0 
962 159 0 
963 160 0 
964 160 0 
965 160 0 
966 160 0 
967 160 0 
968 160 0 
969 160 0 
970 160 0 
971 161 0 
972 161 0 
973 161 0 
974 161 0 
975 161 0 
976 161 0 
977 161 0 
978 161 0 
979 161 0 
980 161 0 
981 161 0 
982 161 0 
983 161 0 
984 161 0 
985 161 0 
986 161 0 
987 161 0 
988 161 0 
989 161 0 
990 162 0 
991 163 0 
992 163 0 
993 163 0 
994 163 0 
995 163 0 
996 163 0 
997 164 0 
998 164 0 
999 164 0 
1000 164 0 
